Image_Name,Feature_0,Feature_1,Feature_2,Feature_3,Feature_4,Feature_5,Feature_6,Feature_7,Feature_8,Feature_9,Feature_10,Feature_11,Feature_12,Feature_13,Feature_14,Feature_15,Feature_16,Feature_17,Feature_18,Feature_19,Feature_20,Feature_21,Feature_22,Feature_23,Feature_24,Feature_25
000c1434d8d7,0.028336343796000855,0.009176524912888607,0.015156544058732334,0.018079953695939514,0.013308486826168588,0.013437319488698633,0.011294621229060525,0.012499679738013868,0.016323898997521517,0.019165787401941324,0.019133615629716307,0.025136926556356427,0.019323298069576927,0.029635151722659677,0.02499004276370918,0.0287085755678532,0.024700933534573963,0.032710103508673385,0.023415081660983134,0.027403653548735325,0.028188295414313787,0.02713259544971731,0.020221778513797757,0.014472202424208335,0.2542254201837219,0.24382316530642312
001639a390f0,0.017334034415935052,0.005380546937596583,0.012231969832485335,0.017161966385301704,0.009867126213501637,0.00980176365364176,0.008630623800473164,0.01035698147837576,0.015234425950770271,0.019737455046862775,0.02095270370991454,0.031030038245103617,0.024478933748858348,0.04112731636759961,0.03189183413457013,0.03981016616356362,0.030040719855776856,0.040976502086942965,0.026570681238004348,0.02896158253675401,0.028325134626492592,0.027799904969533946,0.020683392494456256,0.015005729778075695,0.26991549159632156,0.19669297473307334
0024cdab0c1e,0.040213143177586244,0.012529278695028236,0.01978386219366999,0.0202344870601515,0.015789990691854234,0.014369687871943992,0.010921334727011673,0.011262760551774383,0.01238407734916197,0.012880956831568039,0.013038079470198364,0.016540555284279522,0.014226393932919976,0.021923972670674242,0.017549573503829654,0.02226921330912145,0.018122987685780995,0.026547526856287706,0.02086273918881752,0.02716051973021573,0.030883062608721455,0.030049525818658298,0.023285384304330022,0.015427344965971493,0.222226248969995,0.3095172925504244
002c21358ce6,0.04631836734693458,0.012378231292515885,0.018809977324261335,0.020516099773240773,0.017371428571426997,0.016020861678003085,0.013845804988660877,0.014593197278910243,0.016691156462583522,0.01929251700680097,0.02266848072562153,0.031034013605439364,0.03166893424035994,0.035344217687071626,0.025275283446709727,0.025273469387752812,0.020009977324261227,0.024184126984124792,0.019090249433104847,0.022621315192741714,0.025232653061222205,0.026478911564623453,0.020779138321993584,0.01467936507936375,0.17804353741494985,0.28177868480723073
005b95c28852,0.0312185287475576,0.010321617126464516,0.011769294738769157,0.011176745096842092,0.009744008382161148,0.008255640665689842,0.006823857625325304,0.006650606791178174,0.006601333618163853,0.006547927856445104,0.00699647267659483,0.00777244567871069,0.008022944132486724,0.010422706604003575,0.007508913675943771,0.009554862976073915,0.007369995117187266,0.010156313578287437,0.008049329121907296,0.009931882222493173,0.012125015258788677,0.01421229044596309,0.01280625661214152,0.00963687896728485,0.5611387888590316,0.19518534342447297
0083ee8054ee,0.04262110658766504,0.015457205082398104,0.01676375296756056,0.015928684565399292,0.013484381643367016,0.01359580773308452,0.011113298321742763,0.01223930628876519,0.013903512533553122,0.015030432894350102,0.01690699879016566,0.021361077099098492,0.02031684242412054,0.022648464714995296,0.021773022888309977,0.021611415140991963,0.020373981084252032,0.02455570985148026,0.02103911614590247,0.025583977635403505,0.03127092803220349,0.03127514785341081,0.028588946531899695,0.017030856245061475,0.18898378037586758,0.3165422465689396
0097f532ac9f,0.03460262103872129,0.014897665504181022,0.01527518380582623,0.015816694636832215,0.01328260550383373,0.014629870242637613,0.0118346955304041,0.013372988871399597,0.015993317156420536,0.018336772374422015,0.022772069723860602,0.03298203541764945,0.03330094267089495,0.031770740417388976,0.02701752253269141,0.02344777420103425,0.020554914408134572,0.023231485618387546,0.0197831035990732,0.024544609914857594,0.02972369528254019,0.028618373794032714,0.027599291457547692,0.015020807908899585,0.1334747234426801,0.33811549494562915
00a8624548a9,0.018172829671865127,0.00548011930050116,0.011579654396556375,0.016403964494009115,0.010476060707697316,0.010775214517300978,0.00974862927869999,0.011510652495947063,0.01621530106955834,0.021186203812398375,0.023486267166042105,0.03475628645163644,0.029286357305233705,0.04273852530419004,0.033803943764323954,0.038691432817186906,0.02996633173085838,0.03935553971714404,0.026308211983155003,0.028326008068272457,0.02793688975534273,0.02676298400320456,0.01996760695585713,0.014428967056105033,0.25911727644548416,0.193518741731415
00b74780d31d,0.04381383078654757,0.019516492399113624,0.01875119392876333,0.01746924992066753,0.013210377747219958,0.012751356539887626,0.00929961967941909,0.009909411395092738,0.010949412152892132,0.011219772881200513,0.012194255564694516,0.015740914695466946,0.015272223651866649,0.015458713351320241,0.014901415032529826,0.014551722178104678,0.014187031210284322,0.017683565067341183,0.01659462309741005,0.023115447583171977,0.030760538542782698,0.03301538648559406,0.033596563379658426,0.019299414442077695,0.1592752280107892,0.3974622402760838
00cb6555d108,0.034953945661793044,0.011183603167821016,0.01748615222632485,0.018131332590715837,0.014912583544419334,0.014243799020355505,0.01139699430829771,0.012346644489882819,0.01442977118747486,0.016232747505111462,0.017606795709097147,0.02395846049378891,0.021497428815576133,0.029435579241309153,0.02311753250221204,0.02685271195104767,0.021258049256873787,0.02893965346232421,0.0218965536973169,0.026965248954740405,0.029566236610003262,0.028293757820367377,0.02170581301309192,0.01446505821405648,0.21562256805627097,0.2835009784997033
00cc2b75cddd,0.043657142857138904,0.012176870748298216,0.01896417233559919,0.01971428571428393,0.0168707482993182,0.015631746031744616,0.013034013605440996,0.014206802721087148,0.016600453514737726,0.01934784580498691,0.023940136054419598,0.03427210884353431,0.036989569160994384,0.03879818594103957,0.02734058956915852,0.026165986394555453,0.020515192743762314,0.025045804988659864,0.019569160997730654,0.023347845804986545,0.02630657596371644,0.026822675736959022,0.02113287981859219,0.014270294784579206,0.16504580498864718,0.2802331065759383
00e4ddff966a,0.02522640919217445,0.007750509277626696,0.013191625720999472,0.015630006942960534,0.013809387112033118,0.015333882030701254,0.014211134678181978,0.0165205275124359,0.020711577196569225,0.025332508697774595,0.030510879848627465,0.04340900334177575,0.04305041085543279,0.04820636997588923,0.03604474394970464,0.035154938657795114,0.02698766098513684,0.03250197416608095,0.023697861033966535,0.02629908711508467,0.026015360347300016,0.023288006988738116,0.017298272652363247,0.011577244254890314,0.1885505043183646,0.21969011314736864
00f6c1be5a33,0.047285260770970776,0.013383219954647314,0.019492063492061725,0.01975873015872837,0.016631292517005295,0.014727437641722022,0.012515192743763039,0.013471201814057737,0.01568798185940901,0.01813786848072398,0.02150839002267379,0.028933333333330712,0.029365986394555163,0.032743764172332636,0.02424852607709531,0.023141950113376587,0.018370975056687677,0.02169523809523613,0.017447619047617467,0.020930612244896063,0.02365351473922688,0.025822222222219884,0.02101587301587111,0.01420589569160869,0.19954739229023136,0.2862784580498607
0104b032c141,0.02931636631366854,0.009009636219366832,0.014332731864375402,0.016241807687612148,0.014243799020355505,0.014976720099489983,0.013564523758659304,0.01594139110995781,0.019972695471052716,0.02444008072145698,0.029001644184697327,0.03816363452558886,0.0352453020569467,0.039854312265388006,0.031672967467268144,0.032129791405986964,0.024769108401745066,0.030136551255835947,0.02254173406170789,0.025631971572007813,0.026297656559952982,0.02448705061494738,0.018384063997313932,0.012738616595965148,0.20027604945523983,0.23662979331338893
0124dffecf29,0.017724754038794532,0.005669365019471847,0.010449420733411442,0.014517330249501345,0.010983239234538757,0.01232935859094025,0.011485322684330987,0.013754815575679454,0.018656716417910175,0.024311815221644235,0.029760345044440285,0.04494789628635782,0.04363773361656075,0.051108281159743606,0.03927867684051595,0.03895084502580673,0.030346570052359485,0.03728053319544545,0.02510708396221105,0.026537781597629442,0.025248290383289178,0.022994519443978276,0.016724663200849442,0.011974158933795269,0.2363342754858631,0.17988620800491661
0125fbd2e791,0.04612698412697995,0.012933333333332162,0.018984126984125264,0.01961451247165355,0.016462585034012114,0.014843537414964641,0.012248526077096396,0.013087528344670016,0.015326984126982739,0.017562811791381628,0.021385941043081964,0.029928344671199102,0.031088435374146843,0.034057142857139774,0.02441360544217466,0.022759183673467326,0.01823219954648361,0.021414965986392618,0.017029478458048343,0.020197732426302024,0.022841723356007,0.025221768707480708,0.02046349206349021,0.013890249433105318,0.21055782312923263,0.27932698412695883
012a242ac6ff,0.045164073126874336,0.0196230341737005,0.019366679011310207,0.017916620083104812,0.013854242364954054,0.013268890798814721,0.009535509484413002,0.009895513071347239,0.010527884919969288,0.010485231846385895,0.010873476717535758,0.013178635148228701,0.0119106888311251,0.012785877494549538,0.01263433534574301,0.012479881724336934,0.01230199074850449,0.014490107980695562,0.013051694942888364,0.01742385334563114,0.021608949633852893,0.02421879367208864,0.02294968276594522,0.014564350531984063,0.27056969948944026,0.3453203027465618
014508ccb9cb,0.03367497504304652,0.009954938293698529,0.013993787609420006,0.01565029252325358,0.016012217966612178,0.016640615989146883,0.015554839659071094,0.017314751842435697,0.019422669259798946,0.0230299920853621,0.027299519156191252,0.03718087920041578,0.0415219959193818,0.03854108251501622,0.026696972951039302,0.02726372433212282,0.020311574057498356,0.024350423373219833,0.018710749981104568,0.02011271392378484,0.021148775220432254,0.020540263211268898,0.015640349516567904,0.010092151785960854,0.24688485600532808,0.22245488857862283
0151781fe50b,0.026467005411783012,0.009205182393391634,0.010646184285481431,0.009932200113931975,0.008754094441731492,0.00782616933186824,0.006422042846679483,0.006845792134602647,0.007484753926594814,0.008508682250976292,0.010252316792805664,0.013154347737629789,0.01412359873453731,0.01614761352539011,0.011510213216145466,0.012048403422037376,0.008853594462076541,0.011097272237141574,0.008433024088541399,0.010128021240234052,0.012042681376138939,0.013515154520670142,0.011730829874674106,0.008438110351562231,0.5595051447550278,0.17692756652831468
0161338f53cc,0.03099468085106177,0.01173936170212688,0.011959441489360907,0.01246808510638215,0.011918882978722612,0.012814494680850212,0.011492021276594981,0.012968749999999139,0.015074468085105382,0.017638297872339254,0.021963430851062372,0.03248869680850848,0.03746476063829538,0.03534242021276361,0.02477393617021112,0.022468749999998507,0.018195478723403047,0.020222074468083762,0.0157859042553181,0.017388962765956292,0.01862965425531791,0.01817553191489241,0.01655252659574358,0.010906914893616297,0.3060851063829584,0.23448736702126102
0180bfa26c0b,0.018634573397075537,0.0049067917464337,0.01128256892421206,0.01659719101322323,0.010464696577763317,0.009445120721319642,0.008086276022406426,0.008927591978569491,0.011821771947641491,0.014017509280130168,0.014038741228550687,0.02078651983594689,0.016675041490765135,0.02868082365805112,0.022573984493599337,0.02947304073349174,0.021935699044207484,0.030875676326022276,0.022438188490159768,0.02478431879062712,0.025772489056698777,0.0229672178716377,0.017073140523649864,0.011013188578626725,0.38849644187929333,0.1882313963898527
0182152c50de,0.04837369614512033,0.014996825396824039,0.022146938775508197,0.020740136054419888,0.016033560090701494,0.014364625850338835,0.011343310657595345,0.01193922902494223,0.013653514739227789,0.015190022675735585,0.01697233560090549,0.022429024943308624,0.02153469387754907,0.026839909297049724,0.02137324263038355,0.02235555555555353,0.01851609977324095,0.022795464852605644,0.019220861678002795,0.024061678004532967,0.02852335600906771,0.03005804988661859,0.024014512471653152,0.01602811791383075,0.16805714285712764,0.3284380952380655
01b3aed3ed4c,0.03057668538468508,0.009677943891720097,0.01595879619739334,0.01754122859889481,0.013854211172825988,0.01361435476241308,0.011401762825403335,0.012958922086244998,0.015893467513046284,0.018737887966551268,0.021453081606493826,0.029803231910152796,0.027509575182347437,0.035760301904354135,0.027663598284859106,0.030206410031433345,0.02310584963530326,0.029914338358713845,0.0223333498641921,0.026229943617053116,0.028215792565690418,0.02660665646839745,0.020239017151401844,0.013614116336557798,0.21698922505874296,0.2601402516251044
01c7808d901d,0.02922588056033013,0.008692765543769843,0.015304665227234487,0.019560401119402823,0.01309196424828096,0.012335427191640012,0.009654506828567756,0.010311799062971574,0.013600798675163396,0.015395885303119108,0.014312626430697518,0.019184793859005376,0.013522352685309297,0.023734579385376292,0.020547936231762366,0.024987176782869155,0.022119066928349643,0.03034377685833448,0.022844078195748595,0.027848735824039683,0.02915234768048777,0.027493272314690367,0.02085975494717407,0.014636400380471119,0.29474533058024244,0.24649367715495352
01d9477b1171,0.024416047217345294,0.007457255014256789,0.009829656409459014,0.010398396391879667,0.010034482347183935,0.009760055362659285,0.008835355740891443,0.009589035647665663,0.010796116659306694,0.01227165885146097,0.01580142622487585,0.023338225292618045,0.02893812665799061,0.0285244975798665,0.01454463017980644,0.016905099966985856,0.009666591099813934,0.014546618781143576,0.008012074787317493,0.009197281184250039,0.011016851407728696,0.012490404998545836,0.011639283626251995,0.006787096363642245,0.5282083099671626,0.14699542223969267
01eb826f6467,0.027289031266212307,0.008536599322488885,0.014682979445783518,0.017138288903469544,0.013541396450697026,0.013782683416241621,0.011866931669057,0.013391903439435698,0.01626159703360049,0.019047126300851012,0.021394905697805208,0.029691410184025904,0.02707873966185427,0.03464065408795352,0.028288750877406472,0.03046295625171594,0.024427921002837638,0.031524905011138506,0.023754129535812903,0.027879373683888615,0.028968264564957956,0.026680330057679346,0.020085232474745453,0.01339047288430401,0.22605656033508784,0.2501368564409255
01f7bb8be950,0.03104846285125126,0.013361542942755886,0.01401257947026636,0.014531001100387613,0.013049148028221456,0.014716898769049289,0.012690772055514872,0.014706636901989407,0.018223299805971416,0.021814558589734863,0.027666190937034218,0.039477205235761675,0.04015409377451915,0.038162699534110486,0.032260744569498255,0.02704258516954919,0.02298954236809114,0.02416452614644742,0.0198709214998741,0.023434749523612096,0.026746569773591113,0.02575235273036657,0.02397191879547736,0.013849376315294804,0.1219987985721772,0.32430282453943315
0212dd31f623,0.05068299319727432,0.013709750566892182,0.02028480725623399,0.021018594104306485,0.01740045351473765,0.015306122448978205,0.012892517006801553,0.013268027210883151,0.014952380952379598,0.016943310657594836,0.019437641723354247,0.02622947845804751,0.027209070294782114,0.030920634920632118,0.02236825396825194,0.022049886621313197,0.017769614512470045,0.021470294784578552,0.016987755102039277,0.02034739229024759,0.02337777777777566,0.02613605442176634,0.021986394557821136,0.015001360544216328,0.1978848072562179,0.2943646258503135
022f820027b8,0.025307019551594246,0.008684476216633838,0.010119756062825199,0.009849866231282239,0.008974393208821329,0.008270581563313539,0.00713602701822894,0.007681210835774495,0.008586883544921601,0.009590466817219747,0.01151371002197229,0.014664967854817242,0.015387217203775552,0.017017682393391385,0.012267112731933203,0.013079961140950105,0.009753227233886408,0.011854489644368112,0.009016672770182005,0.010512351989745759,0.012183507283528258,0.013306935628254786,0.01147079467773401,0.008091926574706775,0.5547911326090318,0.17088762919107528
0231642cf1c2,0.034651167563658415,0.014746894995839708,0.015181642940703476,0.015458121320528324,0.013143280924136127,0.014334644221068752,0.011604790239543325,0.013129664215922056,0.015581263725246887,0.017938730338657047,0.022072486671413004,0.03158780290268688,0.032417830072953346,0.030755407609252758,0.026271563734877042,0.022599394076218388,0.019886511644061224,0.02238152674479324,0.01896116751629626,0.023504017126266288,0.028380377415682417,0.028322753085269242,0.02688786778926177,0.015470948654353174,0.13548723344800045,0.34924291102329075
0232dfea7547,0.04680725623582342,0.01374693877550896,0.019742403628116124,0.01989659863945398,0.016976870748297783,0.015426757369613115,0.012660317460316314,0.013434920634919417,0.015563718820860268,0.01776689342403467,0.021639909297050192,0.029494784580496192,0.030553287981856643,0.03375600907029173,0.0250557823129229,0.024706575963716584,0.019209977324261298,0.02400725623582549,0.018928798185939327,0.02292698412698205,0.02644897959183434,0.02795736961450994,0.022504308390020638,0.01595646258503257,0.16926712018139056,0.2955637188208349
02358b47ea89,0.03428687128303267,0.014513832207422044,0.015205521515977429,0.015433848058059762,0.013215113993555287,0.014187623241076239,0.011630444907193024,0.013073026603495408,0.01576163577318401,0.01851161880163459,0.023697413851625566,0.03522010915468985,0.037253142894129954,0.03439679166673177,0.028281113586237805,0.02380713689172736,0.020341388635850142,0.02205551512204474,0.01873363034860315,0.023034339364679465,0.027830775497186912,0.027641128300176433,0.02616519553592944,0.015299259724697487,0.13204339033142412,0.33838013270961564
0243404e8a00,0.03105655393874078,0.01294712138841457,0.014226499929745399,0.015091851603929524,0.013629732891493907,0.015429309155321737,0.013317535320556784,0.015373855604478924,0.01856115204455824,0.02178219423977678,0.02691648261087105,0.03860968278200719,0.03990978240105508,0.03754600079253115,0.03134862246275275,0.026606653163101592,0.023010263445808206,0.024681171684192923,0.020570701895919002,0.02416452614644742,0.027293211538127037,0.026466144521820157,0.02439679956047586,0.014149338583198993,0.11973329407511135,0.32318151821954394
025a169a0bb0,0.049378684807251765,0.014145124716552007,0.020690249433104702,0.021250793650791727,0.016814512471653806,0.014943310657595018,0.012965986394556648,0.013453061224488578,0.015542857142855734,0.01817777777777613,0.020117913832197725,0.0250213151927415,0.023574603174601038,0.028933333333330712,0.023035827664397004,0.02450249433106354,0.020015419501131972,0.02387210884353525,0.018353741496596975,0.02152653061224295,0.023942857142854972,0.026918820861675567,0.02207891156462385,0.0156299319727877,0.18237823129250047,0.3027356009070021
02685f13cefd,0.018338210783705792,0.004857250533452489,0.010176295945051267,0.013276602746705807,0.010921625801063237,0.011412172276028979,0.01046071558743447,0.012132289193291582,0.015542228576078692,0.01941484750152961,0.022616890722699137,0.03239464530260691,0.03006665062474875,0.038056055882486554,0.030021532734355146,0.03235660472835348,0.02420176720583913,0.029851677146990996,0.02148717413382402,0.022477998393448242,0.02270004918734617,0.019972628479826997,0.014222751448195185,0.009474756982656617,0.35265912460675103,0.17090745347548544
026dcd9af143,0.0464477413960155,0.02035352264892735,0.019582127983676836,0.017191081111297198,0.01220198166470998,0.011206694756554145,0.007389463031285412,0.0074118813703019405,0.007637811644026945,0.0071668809510498895,0.0072326802317996975,0.008662067704548294,0.007569100890677588,0.00893982219054527,0.009241159604598596,0.009508432789237195,0.009897114381276991,0.012619050114595378,0.011782584036744943,0.01686586962192757,0.022573374932453507,0.025427782669051376,0.02486048223302925,0.014765678862242877,0.3091941684368375,0.34427144474257426
02cd34a85b24,0.047558276643986624,0.012926077097504499,0.019191836734692137,0.02051247165532694,0.01718276643990774,0.01516553287981722,0.012896145124715385,0.013742403628116668,0.01573151927437499,0.018295691609975667,0.021921995464850623,0.03119637188208334,0.03337505668933938,0.0350621315192712,0.024278458049884422,0.0230294784580478,0.018311111111109453,0.02129342403627925,0.0166829931972774,0.02010612244897777,0.022781859410428776,0.025320634920632627,0.02072653061224302,0.01407165532879691,0.1995183673469207,0.2791210884353489
02da652c74b8,0.05007528344670748,0.014516099773241316,0.020372789115644413,0.02084172335600718,0.016738321995463337,0.014374603174601873,0.011496598639454741,0.012051700680271017,0.01398276643990803,0.016012698412696962,0.017974603174601547,0.023263492063489957,0.02295419501133579,0.028007256235825128,0.02194557823129053,0.022898866213149852,0.01851247165532712,0.02271292517006597,0.01766530612244738,0.02194013605441978,0.02540770975056459,0.02808163265305868,0.023234467120179302,0.01625941043083753,0.1897950113378513,0.3088843537414686
02dda30d3acf,0.03704060383983205,0.016382281386709455,0.01647819037499987,0.01606968912857772,0.013245110220345706,0.014059547246425042,0.011050254731115185,0.012523227341402599,0.014750249836993898,0.01615020531627832,0.018554442362249856,0.024476723717384543,0.023346142248421978,0.02366998309160012,0.02233278287625881,0.02114516910767499,0.01904503854515105,0.021725753970947437,0.018564901572907043,0.02341442313308964,0.028925045744245287,0.02989952842773929,0.028735003860040197,0.017081469751962442,0.1396610505310094,0.3716731816366184
0304bedad8fe,0.04657233560090281,0.012403628117912709,0.018766439909295354,0.020229478458048053,0.017903854875281823,0.016041723356007617,0.013819501133785597,0.014610430839000944,0.01662403628117763,0.01951655328798009,0.0229841269841249,0.031640816326527745,0.03341043083899924,0.03515827664398775,0.02545306122448749,0.02387845804988446,0.01886077097505498,0.02190929705215221,0.017430385487526765,0.02087891156462396,0.023163718820859578,0.02498866213151701,0.019656235827662617,0.013381405895690398,0.19820680272107047,0.2725106575963472
0318598cfd16,0.0411007510107931,0.017032133852636095,0.017979975150493873,0.017693826934401063,0.014843988045713958,0.015400891677309762,0.012586377292540323,0.013943114524014862,0.01576420123994898,0.017071997259291784,0.019492416480242365,0.025169597087523757,0.024565725679769272,0.02468867074089053,0.02241191765877827,0.020957890033832173,0.01915416955446093,0.02140980687166151,0.018794609520170515,0.0231675462928606,0.02801312098109709,0.02892583511863451,0.02673216369098782,0.016349325005959457,0.13660084336759476,0.360149104928373
032d7b0b4bf6,0.037339382046152406,0.017239344629806752,0.0162922927063382,0.015215388695842698,0.011677807370546318,0.01196948120736368,0.008849676277562807,0.009818435996734954,0.011409617421808295,0.01207091581637865,0.01344521662801337,0.018024969490679502,0.016597977938564244,0.01735301454185466,0.017246843686504358,0.016726843307604662,0.015949309534221433,0.019755475495450446,0.0174607641459834,0.023491781823233353,0.03068258782184707,0.03184691504594886,0.03222699881435903,0.017747109705673517,0.1647185564552637,0.39484329339624397
033f2b43de6d,0.036179988411983256,0.01674795907251634,0.01620664558510766,0.015656056948625627,0.01181417179628434,0.012554210286179545,0.009474860793826274,0.010518808423571776,0.012082559088619667,0.012742673421606189,0.013720116259059775,0.017438266975890584,0.016380899981528318,0.016296239578284306,0.01591793190224988,0.01581472120085916,0.015247753045800781,0.01926764212291153,0.01747398616700286,0.023568943169779758,0.030757381045225813,0.031360857765785684,0.032708319848186874,0.017707246299017827,0.19169601823770213,0.3706657425723744
034cb07a550f,0.04301453290662729,0.018263085322451147,0.0182349896118655,0.01689847811504252,0.013497732545139276,0.013068435910335772,0.009952432360668423,0.010730377839267924,0.01160571207632234,0.012192664952391423,0.013062612965136673,0.01588441220861959,0.014409460189688054,0.015306048176719177,0.014668872398307872,0.014090071645517526,0.013482738461251599,0.015239812175079437,0.013443433581157686,0.017286431838932425,0.021276168315724438,0.02331245225184903,0.02212297012130327,0.013821633871839104,0.29017016975049426,0.31496427040825375
03676c71ed1b,0.043576417233556146,0.011972789115645173,0.018157823129250055,0.019461224489794156,0.017176417233558533,0.01577596371881943,0.014386394557821825,0.015332426303853485,0.017653514739227424,0.02085170068027022,0.025873922902491988,0.03616417233559763,0.03818866213151582,0.03885532879818242,0.02727891156462338,0.024885260770972802,0.019604535147390516,0.02168163265305926,0.017314285714284144,0.019866666666664867,0.02220770975056488,0.023277097505666824,0.018712018140587875,0.012253061224488685,0.1993242630385307,0.2601678004534912
0369f3efe69b,0.02576623226039724,0.007755262268363176,0.012504601946377559,0.017458245115713422,0.013429986217088604,0.014947318359047336,0.013722398147953938,0.01570442861185632,0.020784420593660737,0.025043841318337878,0.026493536312468337,0.03465568597497037,0.029358288875146497,0.0380644017011149,0.032258415829909175,0.033071207996184536,0.028205427610891936,0.033143021287522785,0.023623952524945303,0.026403953939920965,0.024767724535678146,0.022427200811252542,0.016347227171725508,0.011978653519620897,0.24588084856615594,0.2062037185036877
03747397839f,0.02165072926565642,0.0069469191961539604,0.013560765926919512,0.017153377541133035,0.01107960897758383,0.010956453686622906,0.009409151573592574,0.011055298181377595,0.01507749757765458,0.018823543797864335,0.020453386159091883,0.029705900506828718,0.02455827137719606,0.03822254015502954,0.030350791687628827,0.036213915208600664,0.028066304712392683,0.03746279138017722,0.02539837679579593,0.028032094909347983,0.028400396193190933,0.02738618471313803,0.020490507434736134,0.01465184028360051,0.2576865788100658,0.21720677394860585
03a7f4a5786f,0.041288227428233217,0.015913392999511854,0.01987763118218248,0.01823987666814507,0.01603298321947892,0.015787093097236405,0.012783918233443015,0.014017118373004383,0.01567519927756425,0.017101993486082205,0.019622465910866617,0.025666902952733335,0.025073096068441422,0.025832079543677944,0.02305584981678575,0.021342118017785763,0.019499323506148053,0.0217975870403666,0.019410518887360628,0.024326742583432447,0.030401373195686893,0.03168805345011802,0.027056991252152485,0.01607146522095347,0.13423745644626545,0.34820054214232365
03b373718013,0.04252517006802336,0.013159183673468196,0.019778684807254445,0.01936507936507761,0.01589659863945434,0.01421950113378556,0.011324263038547727,0.01216598639455672,0.014106122448978313,0.016261224489794446,0.019174603174601436,0.026409977324260647,0.025722448979589505,0.03153197278911279,0.024031746031743854,0.02491700680271883,0.019884807256234024,0.025505668934238054,0.019942857142855337,0.024077097505666754,0.027780498866210635,0.029048526077094874,0.023086621315190653,0.015815873015871583,0.18552290249431425,0.29874557823126546
03c85870824c,0.0411837748344361,0.012929357280190127,0.018694971312600648,0.019436714148380527,0.016435171056245222,0.01585150456251679,0.012674003189183937,0.013576683477278646,0.015288581118197822,0.01665929136020957,0.017651381344034735,0.021924687948240085,0.019832024216436796,0.027202959532455787,0.0209836210974451,0.024792235709707348,0.019930017242957378,0.02729117709890984,0.02065197073274892,0.025089791177098312,0.027810230185857057,0.028109216208379712,0.021790215765861477,0.014874196981719058,0.20038644062623504,0.29894978179265014
03e25101e8e8,0.04862763315561789,0.018133508469197465,0.02188698368994594,0.01880329263845195,0.015506075814673533,0.014265179274817255,0.011756942153065778,0.012732608898143614,0.013842863976583726,0.01526196178480677,0.01784479478633968,0.02336390317217946,0.024648017959845617,0.02385469669867796,0.019453934478767816,0.01762969026527681,0.015700261914422035,0.01738676029699388,0.01627512381337263,0.0209075674165193,0.027660467972712363,0.03252321155391442,0.02977855680259109,0.018238889950158543,0.12925729342466666,0.37465977963823816
03fd50da928d,0.041803031519554855,0.015423560561961397,0.01673889023720394,0.01537394915046998,0.01288334224437905,0.013017692227682242,0.010515794448631197,0.011628344607478941,0.013478108936166952,0.014842821924457275,0.01696961181294448,0.02252221222644128,0.021612213485544696,0.02309211618787256,0.021838487141634284,0.021196390022791355,0.01996807990379697,0.024054007324696945,0.020756730272677767,0.025403437717263475,0.031101678987023578,0.03109073026172892,0.02856214496477215,0.01729408184902053,0.18710687233238654,0.32172566965140714
03ff7d159f10,0.019895693582648265,0.005717113170104451,0.011656953994074402,0.01820820406394965,0.010825000698753267,0.010495713147744272,0.00901522933087359,0.010107031555704476,0.014221815780647119,0.017634935109098446,0.01800862261725056,0.02616482195762721,0.020040976065365763,0.035011040304096984,0.027825817075669935,0.035743712383773496,0.02814418660443062,0.03946588452866695,0.026689614893695927,0.029651310395587174,0.029278933050104854,0.027317473959788674,0.020602890277078727,0.014831914863882618,0.2874303284606886,0.20601478212867944
0415fc68b176,0.04378482127774368,0.019683247738836673,0.01824066604253429,0.01663192103730077,0.01193395935984871,0.011661625195567276,0.008231990817996943,0.008654108772633166,0.009804227257728967,0.009979863059330761,0.0106735258038592,0.013729588751730434,0.01215222137846847,0.013419167273169058,0.013514878917862171,0.013722681725824745,0.013479159726749896,0.0173032839553337,0.016003381679883112,0.022637086703303718,0.030473403608703358,0.03214845606263149,0.03321588758045633,0.018354730641776805,0.17121056877581906,0.40935554685488756
041f09eec1e8,0.021604291277693612,0.006873404513015348,0.013001326466916166,0.01713707329457556,0.011452131896696128,0.011658118583114222,0.010169482642964803,0.011770501425456815,0.01643002217377508,0.02055062934391682,0.0219820548474851,0.03116352926379294,0.02589128910689958,0.03842008357090894,0.030976321575641938,0.03581679034602218,0.028816300054036514,0.03776092617437104,0.025665067685914623,0.02823560684405646,0.028036170970987352,0.02695324873758509,0.01998638595412422,0.014332160592170027,0.2510436173533047,0.2142734653045602
0423237770a7,0.04945850340135606,0.01424126984126855,0.020943310657594475,0.02072562358276456,0.017483900226755784,0.015375963718819469,0.012845351473921738,0.013279818594103106,0.014678458049885292,0.0164780045351459,0.019286167800451767,0.02539954648525847,0.025922902494328718,0.029853968253965548,0.022604988662129472,0.023530158730156597,0.018364625850338472,0.022937868480723544,0.01882902494330895,0.023321541950111265,0.027162811791380758,0.028366439909294484,0.022813605442174804,0.01590748299319584,0.1730403628117757,0.30714829931970006
042470a92154,0.0440813642536688,0.013591465880306082,0.01997507972960553,0.020085709326456015,0.016510275200658807,0.01491759048738024,0.011600609988707874,0.011967547379985675,0.01279917676320658,0.013207600253303314,0.013589320047608551,0.016527680288094336,0.01463887066255649,0.019832024216436796,0.01679805520798324,0.01985014458143817,0.01729898792992909,0.02385665265358383,0.01990879734183735,0.025603122043518785,0.029159958952604058,0.029447023682362652,0.02294205107272506,0.01564097453230347,0.22213826982939622,0.3140316476943191
04579e31e4be,0.04634739229024523,0.01273741496598524,0.018690249433104884,0.02044988662131334,0.017743310657594765,0.015560090702946436,0.013483900226756149,0.014252154195010046,0.01618775510203935,0.018705668934238667,0.022128798185939037,0.03112653061224208,0.03300408163265007,0.03523809523809204,0.025323356009068,0.023995464852605536,0.019186394557821392,0.02250249433106372,0.01766530612244738,0.020879818594102418,0.02390839002267357,0.026138775510201714,0.021054875283444803,0.01400997732426177,0.18998548752832745,0.2796943310657343
04a6fc58dabc,0.04371418843653572,0.013681114001891821,0.019457457197789997,0.019994392223883307,0.016673596911526443,0.01562619212927603,0.01230778107547198,0.01290456099124088,0.014087391659291024,0.015102370525223188,0.016040576265754797,0.019587399288918263,0.01741033280434542,0.02529269157994263,0.019119607760856503,0.024187349314858886,0.019082890179143195,0.027152174825280886,0.02056613742484768,0.025671788689839777,0.028552688299202784,0.029252706610308453,0.022142847605822403,0.015193926053651177,0.2007765053254751,0.30642133281959777
04ac765f91a1,0.029846148564103416,0.009370612964262602,0.01490376178777393,0.016775881603442087,0.014500822092348663,0.01519821771904624,0.013133926664021415,0.014846301156651155,0.017931293298134893,0.021101880321664587,0.02464918019653861,0.03389962652973948,0.03271631900997877,0.0381948683126307,0.030261486404003307,0.030872333445233796,0.024522337641529002,0.03034612758262814,0.022943243202001466,0.026332228308968763,0.0273030983916739,0.02485494170964631,0.018807746742148666,0.012531662953581048,0.20696699423199677,0.24718895916622843
04aef84a2cc1,0.018006785107758726,0.006687666296785488,0.008191048907659657,0.007809237450929709,0.007184816631069274,0.007717761789421493,0.007668046755993114,0.009191315380238634,0.011422526080504265,0.014809114157645414,0.0196632900215923,0.027653490194201307,0.03192102866369333,0.03316191589806566,0.02022009839599014,0.02132178353676301,0.012430746958431783,0.017334637855807047,0.009789884382716312,0.01017169583944626,0.010702652396461343,0.010577370512221828,0.009187338177564364,0.0061209149157019725,0.5253944390751164,0.13566039461802237
04d029cfb612,0.019999342007192212,0.006351086328656251,0.012808295833566066,0.016859318808578584,0.01084712789050984,0.010932434037676625,0.009524882609424648,0.01112182533027729,0.015734180222482862,0.02015830841112759,0.022226327398587264,0.03278216245551222,0.027599158933795043,0.041486300939124,0.03233699829504118,0.03711545269905102,0.02867538478021834,0.038304789255966795,0.025354850280432672,0.028280443522089516,0.027742548959322832,0.02667738670877782,0.019647927264426643,0.014166497801255687,0.2563029014571301,0.2069640677697624
04efb1a284cc,0.047443083900222456,0.012219501133785742,0.01873106575963549,0.020563265306120584,0.018403628117912164,0.01676825396825245,0.014645804988660804,0.014865306122447634,0.016846258503399835,0.019344217687073076,0.02244535147392087,0.030725623582763657,0.0326884353741467,0.0339809523809493,0.024697505668932,0.02411791383219736,0.01944671201813883,0.022790929705213354,0.018123356009068652,0.02097233560090513,0.023459410430836877,0.02518004535147164,0.020527891156460726,0.013716099773241388,0.19542312925168298,0.2718739229024697
050bb1eafa76,0.02200188519406323,0.0073975969741427346,0.009857496828178908,0.009950961091024259,0.009682499910511014,0.009400118520637823,0.00843564687212728,0.00942199313534631,0.010696686592449938,0.012713128348304974,0.015530976443025472,0.021210421861883443,0.02480979028209805,0.026712881761736383,0.015171039601004011,0.01776019854195397,0.010131923812703557,0.015763642799470283,0.009060067691987715,0.010583336316233235,0.01169496446369178,0.012906022678007082,0.011265426574870589,0.006731415526202461,0.5292045992370673,0.15190527894107936
05113073b268,0.0323722437019758,0.013652624748781332,0.01417854543560019,0.014600466046639109,0.012849436307748404,0.01420893634958522,0.01231562187703733,0.014543236403420546,0.017683762410938487,0.02141118827684265,0.027345507591412962,0.038240452911448806,0.040185076719296095,0.03762513557505061,0.030953737924544672,0.025962918348691418,0.021946384112734862,0.022680502294710903,0.018973008132134584,0.02232469178876929,0.026009688781252795,0.02601126753003124,0.024553490376736337,0.01464368429444899,0.13140261567097353,0.32332577638917415
05195a3db5e2,0.031121610926164996,0.010293000521011503,0.013954015582677302,0.014936384643222065,0.014759399124217035,0.016081819013411908,0.014747467516194225,0.01605198999335488,0.018324961321700348,0.021818933871046796,0.026428511770526058,0.03906408466668276,0.04432791240607949,0.040712635175167794,0.02734127978427109,0.027100659022477738,0.019738856872403437,0.024083950794043723,0.017901389236890563,0.019981466235533922,0.02267403244601491,0.019828343932574516,0.01583920965028142,0.009541309215574419,0.24525221430754013,0.2280945619707381
0519b934f6b1,0.031091681099061137,0.01223648709451787,0.013657360995116661,0.015022978688469944,0.014279190670225938,0.01677558717613909,0.01484221195333821,0.017404718564348668,0.020841457311421997,0.024245239677745323,0.029572924774198876,0.04151615928312094,0.042202520314549075,0.03998339156284999,0.033476775816094054,0.028288809986532718,0.024410416268689932,0.025596451288495314,0.021191150165847144,0.024149725376649514,0.026503047774516262,0.025241035469748308,0.02240086641732917,0.0132741197291496,0.11401427662520122,0.3077814159166234
052d9a3fe55a,0.0347056343965147,0.015802091210631614,0.015495813947613653,0.015032845868335214,0.01233792170353284,0.013458241305435525,0.010562816045770878,0.012079401591062782,0.01452902766441456,0.016350114380348675,0.019294480852145062,0.026851556567357576,0.025728474155092617,0.025842736097932435,0.02418623394215101,0.02203282060835462,0.019790997342965418,0.022806604853389045,0.019147065184957936,0.02427839340209263,0.02957351680499079,0.029395907567415943,0.028815520047740795,0.01593628485679928,0.1498437828083701,0.3561217167945646
05339950962e,0.05039727891156006,0.013771428571427324,0.020210430839000437,0.021665306122447017,0.018613151927435956,0.01613877551020262,0.013373242630384276,0.013903854875282187,0.015509297052152789,0.01733877551020251,0.0198249433106558,0.026124263038546387,0.026530612244895557,0.03136145124716269,0.02285986394557616,0.024617687074827702,0.018978684807254516,0.023996371882083995,0.01886530612244727,0.022550566893421994,0.025411337868478424,0.028377324263035977,0.022585034013603397,0.015873015873014436,0.16981133786846533,0.30131065759634457
054b1b305160,0.04825850340135617,0.01396462585033887,0.020777324263036665,0.021666213151925476,0.017474829931971206,0.015613605442175457,0.01260408163265192,0.013375963718819649,0.01501859410430703,0.017034013605440632,0.020350113378682963,0.02827029478457794,0.029794104308387324,0.03275464852607413,0.023514739229022814,0.023154648526075,0.018411791383218287,0.022312018140587548,0.01895510204081461,0.02375782312924955,0.02679637188208374,0.028223129251698124,0.02265850340135849,0.015030385487526983,0.16375419501132304,0.3064743764172058
0551676cc2aa,0.03349118189869735,0.0152191382241915,0.015136648600517848,0.014838265081392101,0.012245762243591224,0.013519023133405585,0.010906785935874167,0.012400282280281342,0.014953316398621143,0.017188429981701964,0.021087544777261814,0.03074850058334707,0.03195584871166143,0.03009470124547432,0.025638090787526747,0.022591697675923478,0.019751133936309728,0.022120243821960907,0.018815133254290274,0.02344777420103425,0.02884393752575277,0.028676590155237804,0.02837208898459559,0.016145469069942988,0.15173611056293146,0.3400763009284555
059bc89df7f4,0.043649098178043945,0.013239072466200435,0.018895010605181593,0.020111459318826387,0.017317585146641026,0.016264934995574427,0.01330058633686299,0.014226632358775257,0.015478129673146395,0.016597777489547015,0.01805384418774944,0.021817157887508255,0.02030291528061721,0.027595646916103958,0.020889204458753734,0.025152735602892554,0.019857535782951886,0.027139776680806263,0.020487695318460158,0.025027323603014632,0.027632602923672547,0.028309255500960657,0.02202530365916876,0.014829372920926188,0.19221701712087924,0.2995823255867112
