Image_Name,Feature_0,Feature_1,Feature_2,Feature_3,Feature_4,Feature_5,Feature_6,Feature_7,Feature_8,Feature_9,Feature_10,Feature_11,Feature_12,Feature_13,Feature_14,Feature_15,Feature_16,Feature_17,Feature_18,Feature_19,Feature_20,Feature_21,Feature_22,Feature_23,Feature_24,Feature_25
000c1434d8d7,0.027100278103862317,0.00906152174520642,0.014796103750908165,0.017704228156967712,0.012805384360966517,0.013007440559375218,0.010770847308401655,0.011988425149533058,0.01588746925484912,0.01869645801889402,0.01872862979111904,0.024547062207687795,0.018507940168073223,0.02846182826504142,0.024475731128998843,0.027784037443866406,0.02437484860342447,0.03239289856895252,0.023273875239905005,0.027509340004098954,0.02854174818789904,0.027031712924142935,0.020015646253749686,0.014145389624908957,0.2646912907373208,0.24369986444183223
001639a390f0,0.01640032515325968,0.005166116980639797,0.01187356755548085,0.01674460678815635,0.00941162632530219,0.009376106359587693,0.0081681363780348,0.00982913149607752,0.014639757672312383,0.019125317932807594,0.02026719748635072,0.030004472021912473,0.0233358896062754,0.039736942627684964,0.031017227765665602,0.03902232167812566,0.029652911705516927,0.04084752385078294,0.026483628207277832,0.029294218281252487,0.028535779669069963,0.027774575157917872,0.02044043010602389,0.014745152980416057,0.28350624569101646,0.19460079052303741
0024cdab0c1e,0.037905180898464015,0.012276070436719577,0.019036158711508076,0.01951467940305749,0.014997224723044168,0.013673961226233385,0.01024587427899997,0.010720818582720164,0.011888866847742872,0.012383362071596127,0.012617496261482288,0.016170756782738344,0.0134274288918726,0.02085725539414605,0.01735168004394624,0.021421847819451986,0.01807148770104025,0.026306955168308954,0.02084914891506649,0.027543670079652652,0.03147054391613439,0.03000327120273374,0.023201219977415748,0.015184389019439928,0.2326266232032172,0.3102540284432434
002c21358ce6,0.041922902494327265,0.01247437641723243,0.01776689342403467,0.019185487528342933,0.016206802721086967,0.015271655328796803,0.01272834467120066,0.01400090702947719,0.01605351473922757,0.018723809523807828,0.022143310657594367,0.03069750566893146,0.030718367346935994,0.03405986394557515,0.024981405895689347,0.024137868480723437,0.01994104308389842,0.024079818594102128,0.01921814058956742,0.02276643990929499,0.02598820861677769,0.0266612244897935,0.020609523809521944,0.01427301587301458,0.19258956916098027,0.2827999999999744
005b95c28852,0.030001958211262066,0.010416348775227534,0.011453628540038698,0.010739962259928043,0.00941912333170543,0.008050918579101306,0.006566683451334427,0.006535847981770626,0.006484031677245887,0.006456375122070107,0.006921768188476342,0.007748285929361732,0.007900873819986727,0.008166948954264062,0.007532755533853927,0.007327079772948985,0.007420857747395597,0.007960001627603913,0.008080164591471097,0.010105133056640304,0.012306849161783463,0.014463106791177925,0.012769381205240479,0.009691874186197609,0.5694589614867983,0.1960210800170836
0083ee8054ee,0.041689552543844606,0.015470776939794607,0.016526302487732677,0.01565793171280016,0.01317758923667297,0.013365998551118533,0.01082520998742709,0.011988169902318985,0.013684195879994514,0.014737668541939836,0.016639895512664746,0.021059987153495413,0.019874901689570564,0.022140831628677377,0.02139802904696796,0.02110207131634675,0.02009387619546371,0.02437209060435111,0.020943999094905134,0.025748892810154283,0.03158296670310123,0.03161592692820702,0.028767661662490614,0.016995843133962935,0.19421499008227744,0.31632464065370824
0097f532ac9f,0.03248768970639945,0.014545209839393601,0.01456968044545947,0.015165460765724434,0.012595257754419064,0.014045338507419054,0.01119628899312117,0.012831280696796309,0.015476868962272336,0.017845978847923515,0.022267462145550726,0.03290862359945184,0.0326102400803261,0.031496235473537186,0.02691964010842794,0.02334851037158964,0.020631483723889062,0.023681823707438442,0.0196218738800747,0.02499672409628424,0.030317502166832103,0.02905193767731265,0.027898661694659967,0.014516397674187014,0.14052127127166358,0.33845255780982675
00a8624548a9,0.01684359685654102,0.005211972674082694,0.011089362410792319,0.015928229871242806,0.009881974723759337,0.01017879935528336,0.009109852190358933,0.010858919354538013,0.01546239425531496,0.02040389112489955,0.02257090018074389,0.03362750852479128,0.027687958848081288,0.041541910065775386,0.03278390933907195,0.03803766164495818,0.0294419755156796,0.03952964577859708,0.02614211247135073,0.028652384146681902,0.028230075046117315,0.026739837796038148,0.019689124601710264,0.014121078828702723,0.2746611919335865,0.19157373246128628
00b74780d31d,0.03908528085151317,0.018747444400414526,0.01707081319770795,0.01608902880111365,0.011829959284068771,0.011971059956142123,0.008472355319514905,0.009196014290833762,0.010414413660597225,0.01076805338696848,0.011740759978086737,0.01585951819744748,0.014842803984130126,0.015240451332700482,0.015093825039902578,0.01457342997380827,0.014207949631598693,0.01851615770437261,0.01647148069269149,0.023684191830606105,0.03226409941065245,0.03349473408344884,0.03418780479718537,0.018122457227748363,0.173955618214337,0.39410029475238917
00cb6555d108,0.03345543916135056,0.01103220274971744,0.017054124576555273,0.017663302636798797,0.014322956404308872,0.013721646397289629,0.010891769920956801,0.01190007286294109,0.01395959540086029,0.015723469878230773,0.017153786584062827,0.023412703711050194,0.020699417477949882,0.02833715132602856,0.02283881267738829,0.025956946012756117,0.021085905789360745,0.028626600314339966,0.02176565790276751,0.027243491927853594,0.029849963377787916,0.02825346385082485,0.021413741340372425,0.014301974929044125,0.22484273430585114,0.28449306848352846
00cc2b75cddd,0.03958004535147034,0.012213151927436536,0.018119727891154822,0.018679365079363387,0.015565532879817184,0.014851700680270764,0.011970068027209799,0.013510204081631429,0.015867573696143687,0.018504308390021,0.023256235827662293,0.03366621315192439,0.03577142857142533,0.03756009070294444,0.027013151927435194,0.02519002267573468,0.020335600907027636,0.02491609977324037,0.019674376417231777,0.02381950113378469,0.02695147392290005,0.027173696145122255,0.020888888888886997,0.014091609977322986,0.17966802721086808,0.2811619047618793
00e4ddff966a,0.023446560182500128,0.0075440324869531575,0.01263752403332591,0.015105470061341844,0.013067167424542673,0.01469108592486308,0.013409546952726508,0.015788560136722547,0.020016804254279742,0.024708071382793073,0.02974744026001699,0.04307306131168451,0.04173978392895191,0.04671668523209215,0.03597488517410724,0.033934436704610535,0.02703224662007443,0.032039904858545944,0.023607974486525515,0.026539181951352863,0.02644071207312172,0.023241752372813555,0.0171490180669572,0.011432281334879332,0.2006737437818489,0.22024206900234466
00f6c1be5a33,0.04374421768707087,0.01336689342403507,0.018724716553286284,0.01848163265305955,0.015366893424034888,0.013989115646257237,0.011666213151926381,0.012837188208615617,0.015268934240361428,0.01760272108843378,0.021216326530610324,0.028935147392287627,0.028498866213149347,0.03154557823128966,0.024081632653059043,0.02176145124716356,0.018305668934238704,0.02123537414965794,0.017360544217685504,0.021309750566891494,0.02436371882085947,0.026298412698410316,0.020926077097503774,0.014035374149658593,0.21188571428569508,0.28719183673466786
0104b032c141,0.02711593409527814,0.008750228888820861,0.013771000549332842,0.015601872692037349,0.0133690145573287,0.01419992866298376,0.012683540223395186,0.015123113574632654,0.019117938779869535,0.02352881710257215,0.028129005554368054,0.03781863231299693,0.033793765449994614,0.03856609736930356,0.031178233817559606,0.03116130558183464,0.02482776116214425,0.029900032807396972,0.022461384548478115,0.026034195989867233,0.026817186498610767,0.024614608447522834,0.01828440198980638,0.012449406033509027,0.21308571695607878,0.2376168763542532
0124dffecf29,0.0165841846479212,0.005482448478580799,0.01005709980062221,0.014154997484487468,0.01042496436357523,0.011834553822646893,0.010890945553133052,0.0131993066036855,0.018009641632660407,0.02369560204594968,0.029025198213054156,0.044063245336984844,0.04194442115266304,0.04977060507388081,0.03853945394749045,0.03772380489872679,0.029914216371326453,0.03698574659474111,0.024918420537760274,0.02680869412301748,0.025430694141650924,0.022895674949223586,0.016448655598412194,0.01146508794976412,0.2508817394767698,0.17885059720125704
0125fbd2e791,0.04274557823128865,0.012997732426302677,0.018387301587299922,0.018590476190474506,0.015408616780043955,0.014274829931971496,0.011372335600906,0.012508843537413833,0.014887981859409082,0.017108390022674187,0.020965079365077466,0.029873015873013168,0.030481632653058463,0.032420861678001595,0.02419410430838783,0.02123083900226565,0.01797732426303692,0.020468934240360958,0.017025850340134513,0.020353741496596797,0.02341315192743552,0.025658956916097448,0.020179591836732867,0.013867573696143868,0.22319183673467366,0.2804154195011084
012a242ac6ff,0.04377850331674895,0.019557817187470603,0.01896504136620242,0.017492272951720542,0.013454788324295927,0.012954742905323382,0.009229513714200398,0.00965953821715379,0.010339658216408443,0.010290454329476065,0.010717712933459885,0.013133216175675737,0.01164676383997598,0.012292965183445886,0.012308250414593519,0.0120398126409151,0.011927720945832462,0.014267962621349972,0.012916748187899266,0.017384402891907253,0.02187302019863199,0.024392171865391787,0.02309292721784303,0.014189352861162147,0.27561440806267884,0.3464802334302221
014508ccb9cb,0.02510609188133119,0.009046147482627769,0.011404628668470048,0.01265744751086519,0.012744945969699136,0.014592356611897684,0.013216244486600165,0.015626429307207958,0.01910648164719446,0.02306180970675626,0.027846384523903416,0.04048394602139725,0.04160551717554147,0.03615476091045405,0.029365675945474665,0.025732501302528757,0.02229619819195923,0.023125444949544584,0.01898318836429208,0.021272068503334633,0.022405571265501665,0.02093201767468452,0.01572387077272758,0.009946983888349989,0.27188356341445397,0.2156797238230034
0151781fe50b,0.02550951639811117,0.009251912434895539,0.010405540466308262,0.0096597671508786,0.008426984151204159,0.0076665878295896,0.006141662597656055,0.006683031717935985,0.007342338562011485,0.008352597554524473,0.010089556376139001,0.013143857320149322,0.013924280802408411,0.01391792297363237,0.011492729187011353,0.009817759195963229,0.008922894795735393,0.008950233459472372,0.008392333984374733,0.010294278462727537,0.012223561604817319,0.013737678527831594,0.011758486429849887,0.008374214172363014,0.5676603317260561,0.17785994211832115
0161338f53cc,0.027771941489359856,0.011473404255318388,0.01090292553191417,0.011681515957446032,0.010988031914892888,0.012013962765956648,0.010435505319148244,0.01226263297872259,0.014499335106382016,0.017192154255318007,0.02143949468084964,0.03234242021276381,0.03632313829786993,0.033461436170210544,0.02515691489361535,0.020595079787232674,0.018228723404254108,0.018759973404254074,0.015636303191488322,0.017962765957445614,0.019336436170211482,0.01879720744680726,0.017093085106381845,0.010527925531914194,0.319631648936149,0.23548603723402692
0180bfa26c0b,0.016224304919087863,0.0043286634842333175,0.010356767506625678,0.015713853492477885,0.009298708743669814,0.00827869055496738,0.007023793936862951,0.007860244238179648,0.010845102320297617,0.012926717930026003,0.012982009462371104,0.019503756285540533,0.01473674153287525,0.02658638041281867,0.021687108314783907,0.028513179731980774,0.022006472205609213,0.030819057796900893,0.022421822196585617,0.02574639145343189,0.026191820038004028,0.022808862923001327,0.016936017523434013,0.011074672762594478,0.41158662811886654,0.1835422321147293
0182152c50de,0.04565170068026797,0.014831746031744688,0.021428571428569486,0.019839455782311128,0.015070294784579134,0.013731519274375173,0.010614965986393596,0.011432199546484225,0.013179138321994271,0.0145941043083887,0.016500680272107347,0.022205895691607965,0.020747392290247555,0.02558276643990698,0.02123990929705023,0.021336961451245234,0.018363718820860013,0.022338321995462828,0.01917278911564452,0.02450249433106354,0.029292517006800068,0.03041995464852332,0.023853061224487635,0.015713378684805834,0.17999092970519912,0.32836553287978887
01b3aed3ed4c,0.028526223029266568,0.00936608287301226,0.015339604251228003,0.01685480056154017,0.013090294732504951,0.01291624385814966,0.010710804696798353,0.012318748664814916,0.015236127430035953,0.01814182332834821,0.020778098010192685,0.029229340876490893,0.026330797753837076,0.03439102221747408,0.0273462534714798,0.029356421857355788,0.023112525559251133,0.029763653218176114,0.02223988692892186,0.026529883342996895,0.028607526245917468,0.026648380993071662,0.0200477996154663,0.013353993728445984,0.2298294110690579,0.2599342516861414
01c7808d901d,0.02811338868333869,0.008524327755534057,0.014963285966585489,0.019290016298423453,0.012647164021884852,0.011935581921851318,0.009362831864204182,0.009894512252641206,0.013208732496226623,0.015132542606489897,0.01392964950528246,0.018641403891707042,0.012717667150553308,0.02276792499056664,0.02009887797668942,0.024215982281359853,0.021813880911453785,0.029976112459122677,0.022667042464992265,0.027951256052951304,0.029231776292344216,0.027375848985409804,0.020622369848440212,0.01435864589447414,0.30453871465180865,0.2460204627756562
01d9477b1171,0.020983721309450035,0.007361802150074302,0.009203246988261445,0.009429947540694851,0.009006375455885066,0.009197281184250039,0.00811150485417425,0.00915949775884447,0.010479929046702207,0.012311430878203675,0.015604554692499472,0.024195312468923293,0.028321660243478715,0.02356890304772572,0.015320184701289147,0.011798371733222807,0.010062322765903827,0.009575115438305717,0.00816917429295117,0.009662613897139663,0.011466275309921238,0.01308300819701211,0.011482184120618319,0.006653860074054191,0.5483230124922845,0.14746870935793085
01eb826f6467,0.025386631366923432,0.008213770714438112,0.014108373134555771,0.016391062273018196,0.012785824915310832,0.013086956770531014,0.011141640217291521,0.012601044877467884,0.015522715308083983,0.018338286233099937,0.02066198461867073,0.029063396481215163,0.025878742332223877,0.03307038140507139,0.02798356578264651,0.029428664891505998,0.02449491866817166,0.031214474547562352,0.023828995254371207,0.02833715132602856,0.029448215811639058,0.026723008285774685,0.020048514893032145,0.013040940580461739,0.23942795915096934,0.24977278015991103
01f7bb8be950,0.02809343982520038,0.012844700061413075,0.01290824469974541,0.01361512946529331,0.011924092179983442,0.01390088299419151,0.011697344386679551,0.013859638182354684,0.017583709207104656,0.02111083132174385,0.02693799306297734,0.03970651849583053,0.03937458656516287,0.037855830240300606,0.03246538987990394,0.02717184522578422,0.023206225637932457,0.025063623575770765,0.019860462289216913,0.024007637986589635,0.02779110943412853,0.026321294321398,0.02451106150331568,0.013173671838121155,0.13121356050475497,0.3238011771150828
0212dd31f623,0.046946031746027496,0.013853968253966998,0.01951655328798009,0.01995102040816146,0.01620136054421622,0.014550566893422719,0.011958276643989846,0.012838095238094075,0.0144517006802708,0.016402721088433887,0.019144671201812326,0.02600181405895456,0.026412698412696018,0.029416780045348808,0.022075283446710017,0.020622222222220352,0.017590929705213827,0.020673922902492457,0.01711201814058802,0.020495238095236238,0.02387845804988446,0.026536054421766302,0.02159727891156267,0.014733786848071228,0.21039365079363173,0.2966448979591568
022f820027b8,0.023690859476724505,0.008714675903320035,0.009705225626627295,0.00935777028401663,0.008495012919107802,0.008035341898600005,0.006801923116047961,0.007468223571777106,0.008472124735514053,0.009389877319335639,0.011417388916015262,0.014791170756021665,0.015179634094237799,0.014839172363280778,0.012483914693196218,0.010955810546874651,0.009817759195963229,0.009860356648762707,0.009039243062336952,0.010742187499999658,0.012499809265136321,0.013662338256835502,0.011424064636230104,0.00797939300537084,0.5634972254435042,0.17167949676513125
0231642cf1c2,0.032626027568110526,0.014373718253335218,0.01449686065805378,0.014735054380001384,0.012418043204038826,0.013843653350972948,0.011008220544889136,0.012624069919625652,0.015174933258395093,0.017443003222225913,0.02161662296163756,0.0315518863679773,0.03178593587438149,0.030538526995814136,0.026300967930875545,0.022425929054186954,0.020132796453498348,0.02284410013687707,0.01880033248449237,0.0239073874391585,0.029029440507219836,0.028563314930384512,0.027215852847983325,0.015005020421115154,0.1422026387207055,0.34933566251402426
0232dfea7547,0.04359818594103913,0.0137460317460305,0.01915555555555382,0.019112018140587838,0.015768707482991768,0.014790022675735622,0.011824943310656526,0.013004081632651883,0.015013151927436281,0.017173696145123162,0.020836281179136433,0.028985941043081276,0.029333333333330675,0.03221496598639164,0.024374603174600967,0.023316099773240517,0.019005895691608255,0.02334058956915888,0.018879818594102597,0.023071201814056867,0.02693061224489552,0.027959183673466854,0.022510657596369842,0.015318820861676616,0.18451972789113974,0.2962158730158462
02358b47ea89,0.03131507405121084,0.014054218969297797,0.014179729497184023,0.014454629128230428,0.012101109386766375,0.013429626483826245,0.010665237372772373,0.012237473812504398,0.015060473971957969,0.017773356404115134,0.023027037651579166,0.03536397263712548,0.03646199241253265,0.03424621850198776,0.02846543250612104,0.02397803644699383,0.020622800605607627,0.022815287971670484,0.018610290600287283,0.023675706055921973,0.0287204004338396,0.028289599360921937,0.026540148370809678,0.014645065699630127,0.14076479327073843,0.3385022883963477
0243404e8a00,0.028696719202162952,0.012509807976785832,0.01333569093150888,0.014293991440023843,0.012671629726576249,0.014802151203085215,0.012544737793508886,0.014693414880969946,0.017951557672481896,0.021106884449797744,0.026380892087784227,0.03868783084654012,0.03909159584662694,0.037298926608704805,0.03154024309573628,0.02659303645488752,0.02328299229728425,0.02533418164767645,0.020434534813778285,0.024661437324462385,0.02800937145274829,0.027082843263399492,0.024693209643628554,0.013814643842169055,0.12695981926483735,0.3235278562328149
025a169a0bb0,0.045337868480721515,0.014261224489794626,0.019747845804986872,0.01993197278911384,0.015614512471653914,0.01420589569160869,0.011921088435373069,0.012770068027209728,0.014975963718819504,0.01764716553287822,0.01958820861677827,0.024905215419498878,0.023162811791381122,0.027641723356006564,0.022729251700678212,0.02343582766439697,0.020006349206347394,0.023814058956913943,0.018488888888887212,0.021924716553285997,0.02458231292516784,0.027212698412695947,0.022103401360542216,0.015525623582765033,0.19515646258501634,0.30330884353738746
02685f13cefd,0.014930925394471247,0.004127844638755908,0.008956343575388943,0.011942528654283194,0.009330998998559353,0.009792351544446881,0.00888866673979854,0.010454522935811818,0.014161709596486194,0.018026808873538178,0.021136404652626693,0.0317806881274469,0.027701500037154683,0.03665784361254363,0.029932623950344225,0.03285997883882329,0.024949751055403663,0.03129677663636257,0.021613238827570852,0.023430782078819032,0.02325429150757347,0.020102674163902674,0.014089609438308181,0.009816237486419965,0.37567632602362866,0.16508857261148696
026dcd9af143,0.04571142997558955,0.02030679351370459,0.019363621965080683,0.017036336342631166,0.011968627135856126,0.011012936255054156,0.007241414649598345,0.007271839538263632,0.00753299863044318,0.007062795805616012,0.0071448993329232945,0.008557400264594506,0.007431097089458964,0.008359420127825172,0.008893675349842419,0.008910270743659849,0.009501590828628255,0.012146663685318549,0.011621434028359903,0.016714036325861086,0.022684738759386258,0.0255257537220262,0.024954668371624657,0.014474531602287975,0.31384073313208777,0.34473029282426315
02cd34a85b24,0.04434013605441775,0.013086621315191558,0.018376417233558425,0.019719727891154677,0.01624217687074683,0.014568707482991878,0.012127891156461486,0.013275283446710815,0.015244444444443063,0.01778503401360383,0.021563718820859723,0.030947845804985857,0.03278095238094941,0.0337868480725593,0.024175963718818673,0.02170430839002071,0.018135147392288605,0.020692063492061617,0.01667845804988511,0.020171428571426744,0.02326621315192533,0.025696145124714225,0.02043265306122264,0.014333786848071264,0.2105024943310467,0.2803655328797932
02da652c74b8,0.04691519274375992,0.014547845804987344,0.019808616780043555,0.019886621315190943,0.015658049886619896,0.013734240362810547,0.010819047619046639,0.011575510204080585,0.013499319727889933,0.015636281179136905,0.01757006802720929,0.023053968253966165,0.02225668934240161,0.0270195011337844,0.021642630385485567,0.021966439909295064,0.01837823129251534,0.022643083900224705,0.0178439909297036,0.022102494331063757,0.026027210884351382,0.028426303854872707,0.023152834467118084,0.015881179138320555,0.2014176870748117,0.3085369614512192
02dda30d3acf,0.03393382358745333,0.01592562830254479,0.015352739839567248,0.0150616580335418,0.012203728057365176,0.013294643463269359,0.010212333816956508,0.01189804282513913,0.014191175425827735,0.01558067169445497,0.018078646949146567,0.024476921060981847,0.02269767118767647,0.023371007541682455,0.02232725725553426,0.02109208367999984,0.01919304624313009,0.022283644320529768,0.018387292335332196,0.024002901740254306,0.029872887042103065,0.03062397677344737,0.029301972015098578,0.01635169312912712,0.14877654863414258,0.3715080050456738
0304bedad8fe,0.04220136054421386,0.012636734693876406,0.017965532879816965,0.019006802721086714,0.01650975056689193,0.015215419501132409,0.012799092970520383,0.01396009070294658,0.01617868480725477,0.019012244897957463,0.02265034013605237,0.03180952380952093,0.03277460317460021,0.03364897959183369,0.025334240362809495,0.022464399092968487,0.01907482993197106,0.021315192743762243,0.017692517006801117,0.021238095238093314,0.02390476190475974,0.02536054421768478,0.01956734693877374,0.013370521541948902,0.21022040816324625,0.2740879818593856
0318598cfd16,0.03787536725643384,0.01670000457837113,0.016905636606763343,0.01660291152849688,0.013863979741495402,0.014745118903463958,0.011783188851507394,0.013328783905603192,0.015262948502793295,0.01658712404071245,0.019103057562758836,0.025379768018653995,0.023954749902511792,0.02447336887623035,0.022472502143151024,0.020848759024522295,0.019300203816466917,0.02199729876083965,0.018635353237145068,0.023666628250445926,0.028829728786746785,0.029464188452083605,0.027067845150004283,0.015808800892939998,0.14483954386790007,0.36050313934193884
032d7b0b4bf6,0.0353355551591135,0.01683261947576035,0.01551692971252533,0.014511266740657074,0.01104019020765261,0.0114171164785059,0.008287641712437063,0.009340272460464,0.010988091497963988,0.011596501808456498,0.01306059395686517,0.01781795605710615,0.01608902880111365,0.017030752447454958,0.017237173850236393,0.0164424711838876,0.0159224708049879,0.02003688746520793,0.017202836064305258,0.023856078103859098,0.03134211012404167,0.03211628905627071,0.032489663142372505,0.017115610194296277,0.17246212186992982,0.39491177162450897
033f2b43de6d,0.03282869944254316,0.016022524008821735,0.014805703387836712,0.014496663314456475,0.010742596062916086,0.011600448680402605,0.008653714085438555,0.009763574476684057,0.011512828123199013,0.012147287788535835,0.01322399445543403,0.017304665360514837,0.015734402356755866,0.01587293756206425,0.015782159507303772,0.015501734255532815,0.015158948427013357,0.019703179442164518,0.01710475629644448,0.023932844763210896,0.03171193202539197,0.03183349568133209,0.03331613812788747,0.016321894245934006,0.20819887656236516,0.36672400155979656
034cb07a550f,0.041893615955800906,0.018238628952614938,0.017909778122495872,0.01653978469077808,0.013156507956472129,0.012827220405463134,0.009671766402071897,0.010493675116924587,0.011432479456649172,0.012049857221383544,0.012963186175862073,0.01581147982000089,0.014161985018726387,0.01472957660200847,0.014345407792497974,0.01353572726256339,0.013183002357128026,0.014876023673765785,0.013279663247433054,0.017211752566753995,0.021531941183594822,0.02348204553077276,0.022231422475636475,0.013580418366966468,0.29524879697951756,0.3156142566661031
03676c71ed1b,0.04022947845804624,0.012118820861676906,0.017512925170066442,0.018524263038547074,0.016135147392288787,0.0151746031746018,0.013609977324261805,0.014809977324261698,0.017244444444442883,0.020618594104306522,0.02562811791382988,0.03625487528344343,0.0376580498866179,0.03713197278911228,0.027255328798183473,0.023336054421766592,0.019504761904760137,0.020830839002265688,0.01730249433106419,0.020086167800451697,0.022630385487526293,0.02366258503401146,0.018448979591835064,0.012352834467119062,0.2103619047618857,0.2615764172335364
0369f3efe69b,0.0248212774348061,0.00767976414451612,0.012266316110808216,0.017230686237003044,0.012991327378207171,0.014734662580705899,0.013182529242830681,0.01526519657680685,0.02035157560162653,0.024691407560162467,0.026265895548591097,0.0342214489350995,0.028585538555466812,0.03707596585191987,0.03194274851165494,0.03218119811755801,0.0280360072006538,0.0328416019883026,0.023323024536726286,0.02639740312657198,0.024899232113659027,0.0222384555016349,0.016149228838252424,0.011722926143509881,0.2544606125796558,0.20644396958326175
03747397839f,0.020508995285743268,0.0067161849926397,0.013150830584903008,0.016789152318929454,0.010584658635660495,0.010443452214582366,0.008953797259023106,0.010580000279501216,0.014490690275215472,0.01824357845603417,0.019815336938900713,0.028734924394879117,0.023266887705666088,0.037033058024483784,0.029410822758864426,0.03520465323196699,0.027574848137588807,0.037200322125327874,0.025256588080197893,0.02836458508021648,0.02864394087614321,0.027298403814261626,0.020130212700541942,0.014335799932919464,0.27158201851230346,0.21568625738349137
03a7f4a5786f,0.03945155056811197,0.01583623165296545,0.01929882241128578,0.017580157022353157,0.015370698106922038,0.015340701880131619,0.012196426344264877,0.013638021322580733,0.015329453295085211,0.016700596609163045,0.019361972362423503,0.025664337485968365,0.024565133648977357,0.02541509252257166,0.02299566001960761,0.020988675635011816,0.019484522736350148,0.021968091908438455,0.019297046318910032,0.024645057805886036,0.03100129773149527,0.03203360208899975,0.027063503590863566,0.01581215573409419,0.13987576036487767,0.34908543083264104
03b373718013,0.0398548752834431,0.013007709750565715,0.0189768707482976,0.01840272108843371,0.014904308390021326,0.013531972789114421,0.010511564625849387,0.011609977324261988,0.01355011337868358,0.01566984126983985,0.01866848072562189,0.025673469387752775,0.024665759637185973,0.030029024943307937,0.02358820861677791,0.023362358276641876,0.01976689342403449,0.024977777777775514,0.019931065759635384,0.024543310657594148,0.028448979591834157,0.02892970521541688,0.02288163265305915,0.01543764172335461,0.20018412698410884,0.2988916099772972
03c85870824c,0.03945900219733174,0.012913621173741566,0.01840504547257868,0.01890454763939284,0.015779976805932423,0.015337219992675191,0.01212443159276072,0.013158961378825945,0.014861798837244434,0.0162754257332068,0.017281821268348842,0.021527232047486286,0.019129383220923033,0.02618798066652362,0.020682966093935478,0.02405526139103309,0.019847998748740638,0.026809318445386487,0.02062455175939158,0.025363265633105873,0.028039119006927033,0.02821030877101895,0.02155322046571194,0.01451202810754688,0.2091414380321615,0.29981407551804456
03e25101e8e8,0.046341604924432275,0.018122851914942974,0.021064060889182473,0.018081015072314233,0.014796625582360664,0.013876017700931031,0.01123437630740111,0.012383902761704995,0.01351191876390259,0.014913058304770844,0.017522730035537292,0.02342251422057916,0.0241382794480058,0.023398832988902513,0.019462025566257337,0.017223951829216932,0.015719996274152572,0.01747872241333819,0.016183359040625626,0.021248379809065705,0.028292559514881518,0.03320602040059106,0.02992616981337552,0.017978199058118125,0.1349285537240289,0.3755442736413609
03fd50da928d,0.039174196956618876,0.01522329012844662,0.01595138036054134,0.014572867416410878,0.011986915360878972,0.012454745268781939,0.009772193522369046,0.011078513309087863,0.012999900549078425,0.0142747427505751,0.01647874396223401,0.022459257055997,0.020943999094905134,0.022631471380944214,0.02164677039975596,0.020807938373274652,0.019878209117003325,0.024379389754547547,0.020749545171703146,0.025909474114475924,0.03191165656038459,0.03174377610586651,0.029151323244690903,0.017019679421323177,0.19554423376258195,0.32125578685751144
03ff7d159f10,0.018914090595710312,0.005483030773100708,0.011317330715337007,0.017836700160247194,0.010385659483481318,0.010025364749287126,0.008526538655039285,0.009582384193265741,0.013684212365140391,0.017114363808299077,0.01747305723256352,0.025286139527083317,0.018953977770324135,0.03391559873851666,0.027014680809435573,0.03507407368587722,0.027753903702461072,0.039384800016769514,0.026578978934913063,0.02990402621722803,0.02939000572977765,0.027157925261333385,0.020315236784243282,0.014555179393295483,0.3002696314774399,0.20410310921981556
0415fc68b176,0.04130835647515837,0.01917252250901033,0.017369986091222922,0.015832087437422034,0.011239901928125661,0.011137480601124166,0.007735869014371198,0.00833007058585772,0.009451376905746933,0.009640432071965495,0.010371195412787346,0.013569148407121152,0.011772729640850209,0.013214324619166067,0.013396078072284328,0.013408708062511872,0.013522575318157082,0.017541872364475915,0.015784922317666046,0.023055652473188446,0.03131763951797581,0.032541169821269214,0.03374259764166441,0.017366828593666034,0.1797292998407007,0.40844717427649085
041f09eec1e8,0.02017592282035486,0.006625055900273815,0.01256635246054354,0.016617229861926083,0.010850912804889253,0.011064760467326129,0.009580346162446057,0.011140604328544381,0.015785422140234925,0.01988870604840935,0.021264231278066287,0.030372627732125446,0.024652166368531514,0.037287520729684366,0.030302461242476316,0.03530349772672168,0.028543931792348702,0.03802732591722978,0.025554577300761737,0.028552811783777325,0.028341147725790113,0.026885556999645576,0.01964181317196759,0.01409953393146606,0.264134617176287,0.2127408661281576
0423237770a7,0.04508480725623174,0.014296598639454487,0.020129705215417678,0.019587301587299814,0.015917460317458876,0.01458140589569029,0.011665306122447922,0.012556916099772105,0.014140589569159716,0.01583129251700537,0.018555102040814647,0.025111111111108836,0.024906122448977334,0.028254875283444152,0.022157823129249694,0.021981859410428847,0.018448072562356605,0.022433560090700914,0.01886077097505498,0.02361360544217473,0.027960997732423772,0.028642176870745703,0.022358276643988904,0.015544671201812651,0.1889378684807085,0.30844172335598113
042470a92154,0.042014450514235885,0.013430528427991256,0.019605281228064354,0.019441959517196718,0.01578736800744614,0.014370880001220398,0.011008360164189318,0.011532420194097445,0.012426040299691467,0.012706905957212746,0.013181134983367098,0.016173141041291157,0.013898319956053014,0.01853570284127279,0.016564397869807644,0.018787480544449762,0.017311624500258995,0.02324437505722165,0.019866595965452573,0.025962191381572304,0.029576012070069792,0.029560991241187076,0.022773007141330674,0.015216814935758174,0.2315360633411609,0.3154879528183768
04579e31e4be,0.04264580498865827,0.01288526077097389,0.01784761904761743,0.019051247165531155,0.016426303854873796,0.014751927437640387,0.01248253968253855,0.013610884353740263,0.015734240362810365,0.018257596371880434,0.021733333333331363,0.031016780045348663,0.03212426303854584,0.03381678004534841,0.024815419501131537,0.022776417233558027,0.01910748299319555,0.022097052154193008,0.01766530612244738,0.021162811791381304,0.02436825396825176,0.026637641723353596,0.020702040816324655,0.014172335600905745,0.2024299319727708,0.2816807256235572
04a6fc58dabc,0.04227099673451848,0.013621984389782078,0.019117938779869535,0.019621494186223477,0.01617743270668622,0.015212761696218394,0.011851910840174283,0.012585785622729885,0.013735236671040658,0.014711590548417265,0.015754942091127894,0.01923405217139149,0.016951363032929066,0.02461556215094396,0.0188923879207735,0.02356410412915377,0.019079313791313977,0.02709042252876305,0.02053132724997662,0.0258479853968926,0.028848813211462064,0.02928155613879748,0.022096831415753127,0.015000324259162824,0.20691501739554546,0.30738886494032897
04ac765f91a1,0.028226283303322792,0.009199184774315403,0.014469349879451542,0.016339323862422168,0.01393241485335823,0.014643400753806834,0.012458466216009713,0.014267880031738909,0.017377430036316612,0.020474820322274972,0.023969189657276565,0.033366267891475385,0.03167654385509736,0.03699439413128974,0.03006740775780439,0.029920299005095876,0.024498018204290317,0.029976805932797525,0.022819738608965794,0.02659878841517317,0.027657876064332357,0.02487878429517443,0.01864919354838665,0.012240544984282675,0.2177619632557094,0.24753563035980733
04aef84a2cc1,0.013051190575617948,0.006017507646170945,0.0066836890941112176,0.006303866238718405,0.005599901365372565,0.006669768884751272,0.00622829938790727,0.008199003313008197,0.010710606801809883,0.013890380339888979,0.019201934511376948,0.029461128809657153,0.03153524000428911,0.028409158702312663,0.021755298628258472,0.017084074087328018,0.01377106425966087,0.013590101537981571,0.010267148703628746,0.010951227563603236,0.011919676414788052,0.011458320904572697,0.00996686990172134,0.0058604081405372686,0.548903684082728,0.1325104501000003
04d029cfb612,0.01894495220526553,0.006161695036055587,0.01236356839398495,0.01652537290141031,0.010359747377345333,0.010528030493599266,0.009019159818882981,0.010599507145918195,0.0152064758138146,0.019574849302177965,0.021618994214321337,0.032025761874149385,0.026482318044608034,0.04038561872286449,0.03177028015353896,0.0365622729051367,0.028451638110943,0.03825049029198521,0.025364458140011186,0.02840971290550949,0.027962656287848737,0.026565003866435226,0.019466251374214785,0.014030823178116703,0.26796713413270334,0.20540322730914418
04efb1a284cc,0.04273287981859023,0.0124253968253957,0.018006349206347576,0.018965986394556104,0.016835374149658338,0.015872108843535977,0.013220861678003338,0.01414331065759509,0.01638911564625702,0.018707482993195586,0.022244897959181657,0.030774603174600387,0.03213151927437351,0.032684807256232865,0.024661224489793684,0.02293605442176663,0.019627210884351962,0.022384580498864184,0.018194104308388373,0.021479365079363134,0.024185941043081707,0.0256707482993174,0.020175963718819034,0.013785034013604194,0.20827664399091084,0.27348843537412487
050bb1eafa76,0.017585201624286076,0.006934252862590246,0.008600700783109497,0.009119725732101768,0.008216900725042414,0.008827401335542903,0.007524867459719383,0.008847287348914254,0.010418282405251018,0.01253813143063708,0.015419614768145904,0.022155007497022636,0.02424502750235167,0.02192432974191496,0.01598636614922942,0.012796649604464649,0.010853786098083613,0.011189859724059453,0.009372278101917932,0.011191848325396589,0.012695230936270757,0.013681577199489788,0.011448377897887023,0.0064967605684205145,0.5504070666936022,0.15152346748434942
05113073b268,0.028772301799930917,0.01305408161815409,0.01288555018605529,0.013296419555645107,0.0114757275269056,0.01326721270324391,0.01127167424729183,0.013568951063523849,0.017010426056932502,0.020722853809441458,0.026503442461710873,0.03869158037488892,0.0394454329165955,0.037201833558830555,0.03130856171249976,0.02621315003007465,0.022125177411893543,0.023911728998299218,0.01886466649721393,0.022870544178915993,0.02718467255960907,0.026435753607835125,0.025070135914481845,0.013877004418917559,0.14249470724471747,0.32247640954637175
05195a3db5e2,0.024374286589265454,0.009250973420352688,0.012052912704376105,0.012643527301505243,0.012365123114306324,0.014355713052778602,0.01251824541726573,0.014496903747715197,0.01704629066192245,0.02079281558108506,0.026191868211406975,0.04082996265405877,0.04282651839654245,0.03759251967720276,0.028556315201260663,0.024260936313048754,0.021200478855197765,0.022413525670850205,0.0182712690855977,0.021582290311927713,0.02410184820607794,0.0207609979596909,0.015773585806155958,0.009038193077279228,0.2689086158140998,0.2277942831688307
0519b934f6b1,0.02912515215191295,0.011961982150666076,0.013032176478853193,0.014426408993815757,0.01352139125657325,0.016182964353431015,0.014082044416517855,0.016780915453266338,0.020315141937408528,0.023643539049561197,0.029137387454945884,0.041403870776254174,0.04140169999668381,0.03979078421187993,0.03365931864360154,0.028274403903929424,0.024670317786341128,0.026144474458212375,0.02104965480657918,0.024564738961782746,0.026982198028773746,0.025608686591528245,0.022653071534685456,0.012886339560444512,0.11996300202237482,0.30873833501995723
052d9a3fe55a,0.03244802364334107,0.015332413449044792,0.014667365526125636,0.014334446877471447,0.011567097612457994,0.012855948646459482,0.009940789027064295,0.011513222810393624,0.014098621278691508,0.01582853525267054,0.018887755698098658,0.02663487329751626,0.02507368809923334,0.025640064223499803,0.024123281334610593,0.02178219423977678,0.019913942404086674,0.023113474147198925,0.018905713965453447,0.024646833898261788,0.03022731614286354,0.029696856553306658,0.029190275539023727,0.015120071738344195,0.15921049931087303,0.3552466952841125
05339950962e,0.046689342403623886,0.01393832199546359,0.019675283446710237,0.020718367346936897,0.017505668934238775,0.015287981859409046,0.012468934240361683,0.013361451247164322,0.01493786848072427,0.01670566893423885,0.019412244897957426,0.02533333333333104,0.025855782312922827,0.0294385487528318,0.022380045351471894,0.023004081632650976,0.018841723356007364,0.02361904761904548,0.019019501133785126,0.02269024943310452,0.02622947845804751,0.028508843537412384,0.022654875283444658,0.015407709750565497,0.18501859410429164,0.3012970521541677
054b1b305160,0.045236281179134225,0.014110657596370604,0.02028480725623399,0.020786394557821247,0.016510657596370385,0.014965079365078009,0.011819501133785777,0.012873469387753935,0.014481632653059913,0.016469841269839778,0.01983401360544038,0.027745124716550773,0.02889342403627856,0.03134240362811507,0.02336961451246954,0.021644444444442485,0.01842902494330899,0.02152562358276449,0.019112018140587838,0.023842176870746138,0.027535600907026985,0.02831836734693621,0.02233287981859208,0.01456780045351342,0.17687981859408827,0.3070893424036003
0551676cc2aa,0.0308558555002812,0.014704663466016354,0.014059349902827737,0.013964032945329235,0.011323378269785841,0.012790430572154093,0.010125699977739443,0.011673663155002904,0.014363061699080727,0.016551404849600174,0.020467491194528287,0.030784614461653956,0.031141411685582095,0.029695672491722825,0.0256179617406016,0.02244625544470941,0.01980066717923338,0.022663728088939947,0.018526419571432494,0.023913307747077662,0.029805790219019232,0.029149820101576122,0.02890136451256864,0.01525248929213611,0.16214776141316642,0.3392737045182145
059bc89df7f4,0.04124123546555888,0.013299632633441865,0.018292985320596505,0.019355649357584912,0.01640131458479529,0.015702488402966026,0.012550498596148265,0.013693035294655882,0.014894940031128524,0.016094460509048353,0.017510471663563534,0.021425662633136486,0.019491790520950493,0.026441665776542844,0.02059951704458705,0.02425840021973269,0.01974476035340387,0.026734929578538746,0.020402577288124762,0.025431455427716302,0.027974744026001103,0.02849355868709304,0.021821449552903317,0.014682979445783518,0.2014052343058517,0.3020545632801222
