Image_Name,Feature_0,Feature_1,Feature_2,Feature_3,Feature_4,Feature_5,Feature_6,Feature_7,Feature_8,Feature_9,Feature_10,Feature_11,Feature_12,Feature_13,Feature_14,Feature_15,Feature_16,Feature_17,Feature_18,Feature_19,Feature_20,Feature_21,Feature_22,Feature_23,Feature_24,Feature_25
000c1434d8d7,0.04181646193191286,0.017094711368252122,0.01758442105949627,0.018759054679784327,0.012105175200774974,0.01048319381556621,0.00826989234538904,0.01011081647008389,0.01153074165688395,0.013445326038347393,0.013683921217880436,0.015022470745523101,0.01366310418879366,0.02607631319060092,0.011945772075949665,0.022837299923602627,0.01325127638958745,0.026050983378984847,0.0167965765740583,0.01974065766672228,0.020981527288650076,0.026018957180389806,0.026023615536549086,0.018855715570089353,0.23647984911584058,0.33137216539027226
001639a390f0,0.027900350774218388,0.011776615517915867,0.013712890370245949,0.01826119286526144,0.009589080580244705,0.008372521754523143,0.007089872500791817,0.009790845631393453,0.011959892718057478,0.0148991698809322,0.016791918217899025,0.019710815072576902,0.018038901932285873,0.03951275923751969,0.01681841261855492,0.03468699340376718,0.018611006298097258,0.03636589407829712,0.022806438314047408,0.025060645974248244,0.024725389904410172,0.028658498239140955,0.026054477146104305,0.016992227532747997,0.2545953227774946,0.26721786665920944
0024cdab0c1e,0.054316747795036396,0.02199001663258714,0.021838377788628283,0.019327515106661728,0.012700706884975434,0.009947365108187878,0.007235986281929818,0.007341847361674681,0.007394777901547112,0.007380472350230239,0.0075731204412974665,0.008750228888820861,0.008743791390728268,0.016326925717947544,0.008048780022583505,0.015449041718802086,0.009713946195867561,0.018060758537552596,0.013379505294961075,0.018009735404522415,0.02191777359843693,0.02782954268013484,0.02948183385723371,0.02233931051057413,0.2087950052644379,0.3961068872646165
002c21358ce6,0.05510113378684308,0.021960997732424315,0.02148117913832005,0.018345578231290856,0.012575963718819722,0.010246712018139661,0.008370975056688584,0.009239909297051317,0.01015782312925078,0.01209433106575854,0.014820861678003193,0.01960634920634743,0.01926621315192569,0.024468934240360594,0.013400453514738016,0.01704852607709596,0.010497959183672518,0.01681723356008918,0.01183219954648419,0.014332879818592806,0.017296145124714987,0.023004081632650976,0.026146031746029377,0.021746031746029775,0.17890884353739875,0.39123265306118904
005b95c28852,0.03524939219156789,0.018740971883137423,0.012753804524739178,0.00738143920898414,0.004380226135253767,0.0029147466023762094,0.0022160212198892525,0.0020046234130858737,0.0018488566080728578,0.0018574396769205138,0.002023379007975196,0.002570152282714762,0.003107388814290266,0.0025599797566730957,0.0020020802815754572,0.0018663406372069718,0.001845359802246035,0.002069791158040299,0.002383867899576747,0.0032059351603189084,0.004741350809732922,0.008362134297688536,0.013548851013183162,0.018190066019693432,0.5616725285847803,0.28050327301024497
0083ee8054ee,0.062417656461845716,0.03150552728148589,0.02183939953540884,0.01490657543945429,0.009446354895631167,0.006985628885656907,0.0055305889136856605,0.005526026944812887,0.005627758850675745,0.006018491484628833,0.006567524438467176,0.008020625573667494,0.009307214845011564,0.008919561540047598,0.007233799992335809,0.0075632881941719065,0.006956090137205696,0.008253171936957146,0.007962460470539626,0.00993585415567981,0.014614951579262217,0.022799237786240475,0.03285404528027787,0.027659787521737464,0.13201151805900846,0.5195368597960923
0097f532ac9f,0.05664333539096813,0.035168997162987756,0.017772764373323216,0.012324897026110684,0.009036363320613703,0.0074491287674864695,0.006226979869374203,0.006835587523464019,0.007346904784082279,0.008784947577646638,0.01135554527614662,0.01540996948278581,0.0169113595710852,0.015726903300058263,0.011419484601673566,0.009469137829504419,0.007628514097437067,0.007710411690318803,0.00721764472784725,0.009219695522510408,0.011623143194092725,0.018387292335332196,0.027104156371908474,0.03614604531324673,0.08836592397061459,0.5387148669193611
00a8624548a9,0.02816762395885699,0.01164559925093616,0.013378362168557765,0.017577142377997398,0.010155798721746923,0.009391973885255235,0.008143534434568611,0.010843342976130425,0.01324268754541878,0.016610679048577097,0.01933581740175499,0.024114562953024787,0.022679643682337047,0.041109119663852424,0.019569171930608843,0.033404053002775894,0.018900261100862452,0.03450400735088552,0.02195643388860907,0.024115145247544698,0.024090688877708485,0.027484155766112857,0.02460208903981927,0.015899697439767223,0.24561575898596547,0.2634626493003111
00b74780d31d,0.06642802563256386,0.04218278595481854,0.018975178911704943,0.011117746241393627,0.006797697552781385,0.004737430396913137,0.0034355546854894945,0.0034197671977050635,0.0032364349958083584,0.0034037823663233273,0.0038219534490134435,0.005069559671178105,0.00618987927308079,0.0053574839796466656,0.003916086344928114,0.0038249136029730245,0.003398059402001471,0.003945687884523922,0.004305642606008949,0.006613378632898153,0.009504659677019389,0.01768711725209268,0.029087459524827622,0.04291118117247272,0.10403026935032704,0.5866022642414865
00cb6555d108,0.04925067522202098,0.020389225440229013,0.020352746284370987,0.01851805932798198,0.012862836466566666,0.010545814004943747,0.008170377208776928,0.00877550202948067,0.009481004135257808,0.010503612628558971,0.011507147053437635,0.01418633838923273,0.014216380046998165,0.02240773873103984,0.01208318391979707,0.019036397137363357,0.011976130710775799,0.02055469298379418,0.01467010444959833,0.01837190427869459,0.02125065805536007,0.02672038560136659,0.02789177182836324,0.020913047044281857,0.1994689779351129,0.37589528908657205
00cc2b75cddd,0.05356281179137837,0.021562811791381267,0.02182040816326333,0.018167800453513093,0.012604988662130378,0.010195011337867557,0.008234013605441431,0.009165532879817764,0.010267573696144195,0.012561451247164394,0.01640997732426155,0.02251972789115442,0.02234648526076895,0.027379591836732213,0.015375056689341011,0.01791111111110949,0.011258049886620295,0.017042176870746755,0.012381859410429717,0.015019501133785487,0.01788662131519112,0.024088888888886707,0.02655056689342163,0.02140045351473729,0.1630340136054274,0.39125351473919356
00e4ddff966a,0.03647701002532949,0.01529597231971154,0.016381286812951663,0.01706175420392427,0.013313699758903457,0.012791070284127019,0.011234149449140635,0.013436250648518005,0.01573229163487618,0.01874599444563083,0.022479266487624206,0.029793456450086266,0.03132605784783397,0.037508678701131344,0.023260588015380775,0.02616842974639056,0.017987800225836542,0.02414729377117164,0.01791698774681802,0.02033009582811927,0.021454750587480795,0.02439144184697961,0.02325033570360368,0.016223448896755494,0.18022324289681263,0.3130686456648383
00f6c1be5a33,0.05716281179137804,0.022710204081630596,0.021947392290247444,0.017464852607708168,0.01174693877550914,0.00901496598639374,0.007141950113378038,0.008080725623582034,0.009123809523808698,0.010966893424035288,0.013190022675735767,0.016855328798184414,0.01616961451247019,0.021054875283444803,0.012211337868479619,0.014328344671200515,0.00923356009070211,0.013667120181404658,0.009714285714284834,0.012174149659862842,0.014854421768706137,0.021321541950111447,0.025658956916097448,0.022928798185938966,0.1986657596371702,0.4026113378684443
0104b032c141,0.04041556672872001,0.016684087649158817,0.017000240333261717,0.017033619953001088,0.012781294824060489,0.012079845957823132,0.010639038514358705,0.012691885128330029,0.015232789468062016,0.01847371211889967,0.021961405529953393,0.02750838305307103,0.0273107280190429,0.032127883999144714,0.019702797402874374,0.023087729270301886,0.015537020859400856,0.021394905697805208,0.015733483764152584,0.01869115649891615,0.020443586535233132,0.024067659535507713,0.02411582155827452,0.01765829569383789,0.1917830820642674,0.32584397984251673
0124dffecf29,0.02771809258948662,0.01218087348836325,0.012997541552536752,0.01612053263644302,0.011119496152197652,0.010919477984608633,0.009652550682914873,0.012406367041198322,0.015262084940465987,0.019198541468686253,0.023694728604169817,0.031852529254476215,0.03228037015297995,0.04411434168110693,0.02500707487841654,0.03148655714871291,0.01982916643374857,0.030991315659529617,0.020425581595766188,0.02171361707380668,0.02116014613263241,0.024259845435742285,0.021586968015726297,0.01438107333184245,0.22831185831143574,0.26132926775299153
0125fbd2e791,0.0557351473922852,0.021661678004533187,0.02142585034013411,0.017430385487526765,0.01179591836734587,0.009183673469386923,0.0073532879818587445,0.00818049886621241,0.009228117913831364,0.011116553287980852,0.014245804988660841,0.01951746031745855,0.019510204081630886,0.022795464852605644,0.013144671201812869,0.013995464852606441,0.00915374149659781,0.013035827664397912,0.009553741496597774,0.011482086167799414,0.014367346938774209,0.020641269841267972,0.02472925170067803,0.021778684807254263,0.2081052154194823,0.3908326530611891
012a242ac6ff,0.06382821379991337,0.03766411971043603,0.02241499082303804,0.012859828898578084,0.0074213436562504745,0.005057227905416664,0.003445436674306321,0.0031880624965061866,0.0028972063838112387,0.0027495947230141028,0.0028606674026868985,0.0036894180781485296,0.005283158179141668,0.003690000372668439,0.002707378370320642,0.0026427436786106537,0.002625129269383382,0.003037684936739479,0.0033449908696218792,0.004546410037825786,0.0066535883317493955,0.013019523170663348,0.022242922792404692,0.0293916070397074,0.23216679360686865,0.5005719587921742
014508ccb9cb,0.039602995629046386,0.01909057283649738,0.01590483349440688,0.01460627682125763,0.011955471238856484,0.01137082244573875,0.00989726885492161,0.011643260828926265,0.012890113867310002,0.015636372313893636,0.018525810056750996,0.02647822680395444,0.029972199353300887,0.02398253212584983,0.017585201624286076,0.014689798077417306,0.012993521136841029,0.013118803021080542,0.011438434891201346,0.01316056364916038,0.015821312238247204,0.01916812828864565,0.020172371963898896,0.015733813779413255,0.24980809997091674,0.33475319468798154
0151781fe50b,0.031921704610187784,0.01657835642496692,0.01216697692871055,0.007603645324706789,0.004980087280273279,0.0035352706909178564,0.002951939900716052,0.002998669942219957,0.003168741861979066,0.0036967595418293093,0.004498163859049336,0.006027857462564912,0.007864634195963291,0.006023406982421683,0.0045350392659503766,0.0038522084554035232,0.003352801005045466,0.0032323201497394803,0.003218332926432189,0.003946940104166541,0.005511601765950345,0.009047826131184608,0.01322333017984984,0.01621786753336537,0.5581000645955226,0.26174545288085105
0161338f53cc,0.051319148936166806,0.030720079787232003,0.015150930851062824,0.008657579787233468,0.006110372340425126,0.005181515957446464,0.0047759308510635125,0.005177526595744337,0.005803191489361316,0.007194148936169735,0.009638962765956806,0.015422207446807487,0.020475398936168853,0.015184840425530907,0.009806515957446157,0.007450132978722909,0.006190159574467674,0.005754654255318767,0.005519281914893251,0.006227393617020863,0.007542553191488861,0.011217420212765212,0.017410239361700972,0.024662898936168576,0.28338098404253437,0.41402593085103634
0180bfa26c0b,0.0248816318875545,0.009863124705848611,0.011716054537797657,0.016533495167961675,0.009308440053362552,0.0075714012732088385,0.006317831651880694,0.00791509343826599,0.009157604753125114,0.010289533003294035,0.01136440039208281,0.01316469268523932,0.012134058522326626,0.027082677207148305,0.012459615064774584,0.025645982030693185,0.015478975063075894,0.0257857590244616,0.019415732166047132,0.02254700222581493,0.024127013054108554,0.023841708747207827,0.020705573032593662,0.013007664733379231,0.3908195709023051,0.2288653646763973
0182152c50de,0.06138503401359988,0.025138321995462575,0.02384580498865997,0.01890068027210713,0.011973696145123633,0.009221768707482158,0.006938775510203453,0.007562811791382535,0.007901133786847358,0.009089342403627295,0.010442630385486582,0.013200907029477262,0.01189387755101933,0.017257142857141295,0.01022947845804896,0.013641723356007834,0.009509297052153334,0.014130612244896678,0.011376870748298289,0.014831746031744688,0.01855328798185773,0.0261088435374126,0.03039818594104033,0.025148299319725613,0.15689614512470235,0.43442358276640053
01b3aed3ed4c,0.04332698484755901,0.018051221503341347,0.01832135799737497,0.017595112842188367,0.01222194776757074,0.01050742744224347,0.008636022904141156,0.009903494750816134,0.01119600131229564,0.012950100329599593,0.014845109027374749,0.01922070032349574,0.019072637867366102,0.027973075045014135,0.01608230079042901,0.022163352229376588,0.014287907803582531,0.021779725028229103,0.015852696691793195,0.019285552156132233,0.022047715689565196,0.02636703848383982,0.026428790780357658,0.01926743179113086,0.20380403683583606,0.34881225775932273
01c7808d901d,0.04118913966858091,0.015604856248951741,0.01723617254318282,0.019690434764380184,0.01163064156045605,0.009644434953043691,0.007319141869654476,0.008780055131645073,0.00987657940109836,0.011218922941472321,0.010820224064019699,0.011318822845044348,0.009179900401433766,0.02299654837644623,0.009474523231804383,0.021675331209122746,0.01262833043350652,0.02545351280815005,0.017428848340809853,0.021463658052783656,0.023184311064061523,0.02734637032533937,0.02644448709751781,0.018551821519159666,0.27623830024735646,0.31360463090097007
01d9477b1171,0.027776783477103686,0.01411906949365952,0.011474229715269778,0.008296444778527819,0.006192504563838837,0.005080876416380292,0.004633441115524885,0.005037127186963319,0.005418938643693266,0.006391364697552352,0.008720016863337605,0.014260260188596115,0.019919819594082733,0.01365572538210703,0.007650149343958897,0.005995633031462458,0.005136557253820076,0.0046592929329076415,0.004255606861469207,0.0049058794987124,0.006043359463553701,0.00849729351357847,0.012484439194534432,0.013142666237126165,0.5409472901328504,0.23530523041919013
01eb826f6467,0.03988983771782491,0.016570835367900237,0.017206240272224695,0.017776554918057377,0.012409588915677063,0.011130672627948585,0.009271427808465613,0.010522686696981469,0.01181805436872435,0.013424567781609225,0.015502925962095642,0.019763357570115804,0.01958477660451017,0.02805795464949425,0.016706738105410533,0.02286217841120585,0.015501733832819236,0.023033368175297768,0.017686191518905794,0.02113335253456171,0.023122062593462382,0.0269602420117795,0.02583868678853663,0.018066719183934626,0.21158649517807046,0.33457275040436224
01f7bb8be950,0.05259345008706696,0.032983022135635975,0.016864786482121127,0.011915803748896616,0.008940454332323284,0.007583125070056828,0.006735731663227493,0.007817569263655628,0.00885125502634125,0.010921784049269377,0.014189201989854681,0.01852168332509716,0.01984428011423787,0.01884611619906722,0.014439236327640607,0.011772926984447514,0.009271202201407114,0.008660621111344245,0.007830593941077784,0.009647141754273877,0.011705435474169072,0.018065424928127106,0.026411875032561174,0.03517215466054464,0.08220880373468649,0.5282063203628492
0212dd31f623,0.05926167800452978,0.023476643990927578,0.022809070294782515,0.017989115646256874,0.011761451247164467,0.008595011337867702,0.00690884353741434,0.007443083900226083,0.00794013605442105,0.009601814058956047,0.01163083900226652,0.01499138321995329,0.014439909297050846,0.01940136054421593,0.010749206349205375,0.013569160997731197,0.008308390022674984,0.013488435374148438,0.00919818594104225,0.01167074829931867,0.014486167800452202,0.021385034013603504,0.026299319727888775,0.023577324263036412,0.19908208616778242,0.41193560090699216
022f820027b8,0.031109174092609687,0.016230901082356253,0.012102762858072531,0.007975896199544016,0.0052464803059894165,0.003909111022949095,0.003204027811686096,0.003347714742024633,0.003529548645019419,0.003972689310709509,0.004598299662271989,0.005945523579915175,0.007615407307942466,0.005848566691080543,0.004650115966796727,0.003977775573730342,0.003574689229329313,0.003531138102213429,0.003529548645019419,0.004246711730956896,0.0056943893432615375,0.009220759073892935,0.013297398885090723,0.015687306722004708,0.5566374460855943,0.2613166173299071
0231642cf1c2,0.05713097141990974,0.03480983181589195,0.017735663777029804,0.01227240362922745,0.008872962822044842,0.007210540358344256,0.006186327088329294,0.006771450854339768,0.007292043264031381,0.008853031118716997,0.011234178963803805,0.015420823380637607,0.017772961716920523,0.015731639546393592,0.011319234054242427,0.00924791565692508,0.007367428518202039,0.007185083034291861,0.006837758303034378,0.008835664882154124,0.011258649569869673,0.01817396390664507,0.027133955255101587,0.03684424696051319,0.08751754384579873,0.5409837262575812
0232dfea7547,0.056999546485255605,0.023458503401358417,0.022439002267571662,0.01796009070294622,0.012308390022674622,0.009543764172334736,0.0075247165532873,0.00841269841269765,0.008999546485259956,0.010770068027209909,0.013757823129250455,0.018139682539680898,0.01787029478457888,0.022631292517004752,0.012548752834465984,0.01592380952380808,0.010127891156461668,0.01570158730158588,0.011396825396824364,0.014212244897957896,0.01742857142856985,0.02430929705215199,0.02759183673469138,0.023467573696143,0.16911836734692345,0.4073578231292148
02358b47ea89,0.05557708793472712,0.03470681845809854,0.017529834405040284,0.012049405364272363,0.008605364904098736,0.007075952024981982,0.006089826069246959,0.00677776584945354,0.007578586167318804,0.009494989840751424,0.012781352766678045,0.018499778185796265,0.021614254838469894,0.018762047826615124,0.012989155574640619,0.010199309139534353,0.007859998137076286,0.007508726533872696,0.006994251775697551,0.008856385959871189,0.011152478714519375,0.01789452537286064,0.026680657012091113,0.036016587913414395,0.08548451010635863,0.5312203491244945
0243404e8a00,0.05263212943213882,0.03194203465985005,0.017150737354616634,0.012498954078934036,0.009587741331484956,0.008300469046261912,0.007331906670687069,0.008177523985140656,0.008965122281986457,0.010880736581029856,0.013952587016685522,0.018940051751384586,0.021142998328104626,0.01930178256524536,0.014122697197562767,0.01146250550588614,0.00925087581088466,0.008898025458902626,0.008302047795040355,0.01021272850415112,0.012303978604796312,0.018470373989797763,0.025862273114065668,0.033936191710621,0.0805609846971865,0.5258125425275348
025a169a0bb0,0.058497959183668166,0.024784580498863968,0.02305124716553079,0.017952834467118556,0.010910657596370894,0.00808707482993124,0.006539682539681947,0.007203628117913179,0.008152380952380214,0.010090702947844891,0.011357823129250672,0.01297868480725506,0.012141496598638356,0.017630839002265978,0.010077097505668021,0.014463492063490754,0.008731065759636397,0.014890702947844456,0.009963718820860775,0.011895691609976247,0.01449614512471524,0.021414965986392618,0.02642993197278672,0.02496235827664173,0.18213061224488145,0.4311646258503011
02685f13cefd,0.023087532246020642,0.009448217047130968,0.01107511509485324,0.01340443676948768,0.009826853460630225,0.009437158740661948,0.008576380165113405,0.010822985707359576,0.012954584862327935,0.015549305892218864,0.01889731875877946,0.024100915450841663,0.0243804694383785,0.03568471264326984,0.020886044594168075,0.027931070479451543,0.01821126142544144,0.02510500967822871,0.018606706464773606,0.01994830020559515,0.02088383293287427,0.020610471596960087,0.017814047057074227,0.011261336975791542,0.3549866769523504,0.21650925536017274
026dcd9af143,0.06575255161458529,0.03853304870777144,0.02262286996664584,0.012516420705461275,0.006643834898540906,0.004117550123912214,0.002542297873926212,0.0022363021037136092,0.001877026384929259,0.0017104901522350545,0.0017907012223526302,0.0023948317867590538,0.0028413061098998974,0.0024462192781410943,0.0018049674380904205,0.0017707576350457193,0.0017690107514859899,0.002258574869100159,0.002647693182029887,0.003987698445972327,0.006325902090670152,0.013360311038440561,0.02370768465723781,0.030360690694467295,0.2626847038217116,0.4812965544468598
02cd34a85b24,0.05615510204081124,0.022250340136052406,0.021930158730156742,0.018099773242628747,0.01174240362811685,0.009079365079364257,0.00735963718820795,0.008269387755101292,0.009306122448978748,0.011447619047618011,0.014357369614511171,0.019453968253966492,0.020082539682537863,0.02326167800453304,0.013025850340134874,0.01445986394557692,0.009056689342402807,0.013707936507935265,0.009464852607708893,0.011308843537413942,0.014061678004533873,0.020478004535145537,0.024940589569158737,0.0221814058956896,0.1988408163265126,0.39567800453511154
02da652c74b8,0.06032471655328252,0.024585034013603214,0.02265941043083695,0.018109750566891784,0.011374149659862914,0.008419047619046856,0.006450793650793066,0.007253514739228368,0.008030839002266846,0.009756916099772358,0.0110421768707473,0.014047165532878545,0.012799092970520383,0.019454875283444948,0.009897505668933344,0.014330158730157432,0.008541496598638681,0.014936961451245812,0.009970975056688439,0.012530612244896823,0.015499319727889753,0.02282902494330859,0.027770521541947597,0.024761904761902518,0.18475283446710344,0.41987120181402093
02dda30d3acf,0.06147963493013126,0.037736240020333545,0.018770533601299256,0.011981716510396614,0.007905781851651137,0.005878273732935584,0.0046932254311167305,0.0049578631951032555,0.005053772183393673,0.005625871271981993,0.006578646159772404,0.008605956934890652,0.010115832797874173,0.008969858528321788,0.006758623520514918,0.006233492208085281,0.005358865384827803,0.0056371198570284,0.005707768864863729,0.007789941160032874,0.010503810310176566,0.018111800673493873,0.028349789158100082,0.03970829458820628,0.09237574852426277,0.5751115386011857
0304bedad8fe,0.05496326530611747,0.02143673469387561,0.021320634920632988,0.017940136054420144,0.012618594104307247,0.010072562358275732,0.008474376417232792,0.009241723356008234,0.010239455782311998,0.012360997732425183,0.015132879818592734,0.020238548752832635,0.020572335600905167,0.023879365079362915,0.014200453514737943,0.014988662131517916,0.010290249433105643,0.014092517006801444,0.010339229024942375,0.012627664399091826,0.015269841269839886,0.020779138321993584,0.0242702947845783,0.020736507936506058,0.1991083900226577,0.3848054421768359
0318598cfd16,0.06140839389150402,0.03705520726603265,0.01988789304924236,0.013173869181718461,0.008896446710124182,0.0066759365532439606,0.005404057068610737,0.0056246872103981604,0.005800915042791872,0.006503458249199052,0.007684559679071798,0.01002189724555681,0.012599599313559784,0.010326398416199022,0.007596544434673594,0.006916893085553839,0.005887943569203548,0.006109560428977498,0.006192839427040371,0.00837624898762718,0.010990459621131652,0.018594503112502853,0.02789885903825727,0.03885123134510898,0.08843479688607417,0.5630868011865765
032d7b0b4bf6,0.06469199400706836,0.04063304668517933,0.01793991440024088,0.01076588260739812,0.006800657706740966,0.004849916247377208,0.003624807195305361,0.003755448656721528,0.003725452429931109,0.003990090193917634,0.004508314480441582,0.0060235186205523485,0.007185477721486471,0.0063294011963757,0.004627904700408647,0.004463320140255953,0.003933847268685599,0.004486606684737989,0.004607183622691581,0.006845257359731983,0.009647339097871183,0.017647845876228908,0.02921593020667343,0.04260214109909249,0.10227292461632256,0.5848257771785434
033f2b43de6d,0.06365396668524202,0.040365251423635916,0.01798944764316453,0.01118306697210171,0.007374335544107728,0.00563455439026343,0.004377278331830805,0.004610341120248468,0.004590409416920623,0.004827221733687089,0.005122645098853254,0.006027465492498457,0.006795329429613721,0.005865249055513428,0.0044493087448472714,0.0044210886104326,0.0038845113693592517,0.004502986203314336,0.004751639135919125,0.00694254775320354,0.009702200617922081,0.017673895231073218,0.02985335002596983,0.042644964659707754,0.10652212695350217,0.5762348183570479
034cb07a550f,0.060990692604392875,0.0363008226656972,0.022083956388469318,0.01281892270855442,0.007446819041496529,0.005177762871037993,0.003776325535245068,0.0036734049788510097,0.0035771808094359142,0.003670202358991506,0.004073732461289001,0.00504994922391779,0.00562118014794931,0.004914274600778806,0.003734545903441539,0.0033298512121042244,0.0030766986695734363,0.003341351528872443,0.0035763073676560496,0.004739149523915932,0.006661158160508223,0.012768117511692288,0.021847399239755958,0.028671599865838927,0.2519943587306875,0.4770842358898323
03676c71ed1b,0.052621315192739,0.02138321995464659,0.021057596371880177,0.017317913832197978,0.011942857142856061,0.009391383219953798,0.008063492063491332,0.009065759637187388,0.010268480725622652,0.012645804988660986,0.016157823129250237,0.020867120181404006,0.02118730158729967,0.023995464852605536,0.015037641723354646,0.015429478458048488,0.01036371882086074,0.013674376417232322,0.009869387755101147,0.011702494331064699,0.014117913832198268,0.019733333333331545,0.02301133786847864,0.02067755102040629,0.2058802721088249,0.3845369614512123
0369f3efe69b,0.03677094360535774,0.01461027901224204,0.015590853885418286,0.018897786349152956,0.013019332105274084,0.012669109246603954,0.010846427317415641,0.013514082283456203,0.01561722090914795,0.018616101375146583,0.019518148373301868,0.022426627615084505,0.02020491926777612,0.03185152843577032,0.018188251378290977,0.02635056481112673,0.017084029903152633,0.027146816173695902,0.018119058412292322,0.020748964316409355,0.020571928585653026,0.0232569432070684,0.022051020354687055,0.01552174280458649,0.23563586779934403,0.2911714524725366
03747397839f,0.033877458447462566,0.013812026012260593,0.015394120222855535,0.018244015176924103,0.010397887668399424,0.009015083757243613,0.007420324640840632,0.009457190871485133,0.01118296625486782,0.013529613170104338,0.015148100788193642,0.018274731212849345,0.016944479382115393,0.03431985670896404,0.015710014999906603,0.029859480686454932,0.016888870255464008,0.031784109648386814,0.02030955941267416,0.022789406199340046,0.02336544105316082,0.0279009330687383,0.026230621238377022,0.017904391898186708,0.24549318598952447,0.29474613123520543
03a7f4a5786f,0.05860848293293518,0.030847567069194375,0.024184260506177956,0.016494372549978917,0.011068212998469974,0.008603194124528377,0.006857887349959528,0.007126471985892161,0.007406699894065811,0.008203375996387662,0.00966075846248795,0.012433238661031342,0.01324372881516457,0.012938043582938524,0.009854944562236451,0.008915589039062805,0.007565364146299343,0.008270472819471493,0.008088719366353232,0.010340015124413094,0.01444298585598941,0.023028419056760303,0.033043409276411424,0.03205313910513299,0.09406422034280766,0.5226564263758298
03b373718013,0.05542312925169566,0.022420861678002505,0.022094331065757634,0.01799183673469225,0.011976417233559005,0.009428571428570575,0.0072897959183666865,0.007785034013604737,0.008751020408162473,0.010025396825395917,0.012310204081631538,0.015721541950111953,0.01454512471655197,0.021685260770973092,0.011808616780044282,0.01662494331065609,0.010522448979590883,0.01708390022675582,0.012533333333332198,0.01540226757369475,0.019115646258501668,0.025608163265303803,0.029039455782310295,0.023621768707480853,0.17791564625848727,0.40327528344667546
03c85870824c,0.05510593737601724,0.022657370601519282,0.021955444883571363,0.01906810777611576,0.01328699606311196,0.01066359637745267,0.008111009170811903,0.008659865489669278,0.008919511246070528,0.009449293496505405,0.010009594256416277,0.01165807061983065,0.01156079287087591,0.018556445890682255,0.009819807275612425,0.015941867961668372,0.010073969237342207,0.018216450621051233,0.012630609683522755,0.016008865627002395,0.019184459593492995,0.025510612811669667,0.027873889889217147,0.022295917004912947,0.19074283005767542,0.4020386841181581
03e25101e8e8,0.06372461569307736,0.034303250801609016,0.02472537664998933,0.014242287417529831,0.008897236084513404,0.006576870067396656,0.005417476433227503,0.005590152080869717,0.00586603842990265,0.006649689854802344,0.00797583882869455,0.011036835366498418,0.012970999963688523,0.011536312011278355,0.007855064547143652,0.006756452740944559,0.005582653024172113,0.005901757621014925,0.005844922664990973,0.007678047340360719,0.011019271786338238,0.019494192572618113,0.03154912355761503,0.03593567703851919,0.09254151714599929,0.5503283402771859
03fd50da928d,0.06231672290053559,0.03224308359899162,0.021741887450753297,0.014773023800703833,0.009254980301418301,0.006885151521234061,0.005363392754498496,0.005551916118165879,0.005739755186502346,0.006400214230058192,0.007481286803683795,0.009682208686353581,0.011205564142194617,0.010208089648162595,0.007897338364880779,0.007527362689298812,0.006755363506803643,0.007719763726508053,0.00738605570346464,0.009350781647746553,0.013523728624894692,0.021249879107824627,0.02985021687599987,0.026251849878377607,0.13508434624248716,0.5185560364884458
03ff7d159f10,0.029868942972403466,0.011732943428922631,0.013532379069073909,0.019039575064750874,0.010397887668399424,0.00912775774684616,0.007740586626791026,0.009818650194719145,0.01170965164812624,0.014138693237929994,0.015490635539530586,0.018057098636033053,0.016076132679299894,0.036461099232302376,0.015512908304917136,0.03263411407382515,0.018058263225072875,0.03526200924217811,0.02307240133601621,0.025742367283432648,0.02615113803640933,0.028171263299606425,0.02488028024670618,0.01604046713995542,0.2653813097434139,0.2659014443233233
0415fc68b176,0.06883936704803839,0.04307260823506853,0.019341053941109132,0.01111379936944752,0.006646532357245458,0.004460557329893678,0.0032080175177963827,0.0030533001375089588,0.0029240400812739296,0.0029860059708278213,0.00319657158915267,0.0043111682267335,0.005282098725476007,0.004592580196490983,0.0031580895876781195,0.0032405792113517715,0.002893846510886205,0.0035170575911766195,0.0037961014377664378,0.005953264299911631,0.00873186214997149,0.01698161389172592,0.02969034421459558,0.044481641519829,0.10862876985473718,0.5858991290042874
041f09eec1e8,0.03327012526319664,0.013860793178303039,0.015164405034751118,0.01827938956900862,0.0108151016919148,0.009677152626381063,0.008037120111055094,0.010356399183855851,0.012393410988130328,0.015204874503884849,0.01683034965621307,0.020103863873516023,0.018669818044608148,0.035420393351593575,0.01654022141166801,0.030061391311233657,0.017202144707175484,0.032364074990216984,0.020533888376469415,0.02286219301432877,0.02322379791119276,0.027255896314308213,0.02561644609350215,0.017460683474015436,0.23434282822777158,0.2944532370916908
0423237770a7,0.05908934240362276,0.024039909297049977,0.02302403628117705,0.018484353741494923,0.012650340136053276,0.009486621315191884,0.007473922902493654,0.007913832199545768,0.008423582766439145,0.009840362811790493,0.01206802721088326,0.016145124716551825,0.01593287981859266,0.019698866213150142,0.011229024943309641,0.013947392290248169,0.009481179138321137,0.01410340136054294,0.010980498866212158,0.014048072562357005,0.01741950113378527,0.024183219954646337,0.028387301587299015,0.02399727891156245,0.16944399092968987,0.4185079365078986
042470a92154,0.05708654095583835,0.023210995437482278,0.02235337763603572,0.01901350825525636,0.012921727652821128,0.00994974936674069,0.0073110904263434025,0.007297500152592373,0.00729297006134203,0.007302507095553279,0.0074415093691822315,0.008880170979949127,0.009045161671803734,0.013264107181004963,0.007590048677022433,0.012061010315255916,0.008704212698751585,0.014799808114871317,0.012107264931180473,0.01609374523148251,0.01974142239142993,0.026457163457136123,0.029016903439435325,0.023003326517532334,0.21275096705526395,0.40530321092866856
04579e31e4be,0.05577052154194506,0.022139682539680534,0.021455782312923225,0.01823582766439744,0.012248526077096396,0.009443083900225902,0.007927437641722638,0.008815419501132989,0.009814965986393668,0.01174693877550914,0.014965079365078009,0.020000907029476645,0.020925170068025314,0.0243156462585012,0.013271655328796983,0.015316099773241243,0.009688888888888011,0.014734693877549686,0.010473469387754153,0.012653968253967108,0.014924263038547401,0.0213614512471636,0.025067573696142854,0.02206077097505469,0.18871020408161557,0.39393197278907993
04a6fc58dabc,0.056919642857141496,0.023178807947019313,0.02235313921018044,0.019448635441144592,0.01331036179692952,0.01044710570085732,0.00790334025086196,0.008105048524429873,0.008395689642017683,0.008942876979888088,0.009412337488936816,0.011001445814386163,0.01091680463576133,0.01880464720603001,0.008954082995086305,0.0162322706534009,0.00976020081179212,0.018928151799065682,0.012742669835504929,0.01624013870662518,0.019432184057130184,0.026091418195134726,0.028370054094057368,0.02268264374217909,0.18741678937650239,0.40400951223791265
04ac765f91a1,0.042277911084321634,0.017916749320962738,0.018017365031891414,0.017624200796532676,0.01332776688436505,0.012056957075716135,0.010063716925565114,0.011382211905270275,0.012827549439985046,0.014846539582506436,0.017346673100985335,0.022564384517959606,0.02323889126255018,0.028872655796990186,0.018340193639942187,0.02186341250343281,0.015319099627673818,0.021266871013519192,0.016081585512863168,0.01917587626270287,0.021189621036408077,0.025024224066895976,0.02493147640919158,0.018023087252418163,0.19406434064759814,0.3423566393017283
04aef84a2cc1,0.022045634423480204,0.014264237391270385,0.00934046048052377,0.005949895200708349,0.004502193427273965,0.003822091769973746,0.0039056130261334223,0.00457378307541083,0.005514391507875753,0.007516913054370843,0.010173684440783395,0.014339804242081521,0.018177804822752348,0.013526466295193247,0.0093364832778495,0.0071331129963037605,0.005723194648274943,0.00499138935620921,0.004327196509606073,0.004885993485341048,0.005317519975499374,0.008268604359807927,0.011615420410206374,0.012595800869414,0.5400703169431738,0.24808199401028344
04d029cfb612,0.03126441178936731,0.012842505636610766,0.014590553785380003,0.01802419899565815,0.010351740827696573,0.009212772746752992,0.007713801078875175,0.010220287839826933,0.01241218998639742,0.015524845342575287,0.01768836063130017,0.021981181405705236,0.02089214507984392,0.03930167747405239,0.018099897283246427,0.03205982610356411,0.017747609098700993,0.033422832001042985,0.02091121522537097,0.023108066875360687,0.023235152654331,0.027324315920397614,0.025510614064508545,0.01706079271246738,0.23784591205954897,0.2816530933814035
04efb1a284cc,0.054299319727886236,0.02139954648525883,0.021268027210882428,0.018045351473921268,0.012870748299318563,0.010387301587300645,0.008652154195010553,0.00952834467120095,0.010299319727890223,0.012348299319726773,0.015157369614511099,0.020301133786846233,0.021008616780043447,0.02403356009070077,0.013647165532878583,0.015462131519272976,0.010163265306121529,0.015055782312923807,0.010837188208615798,0.012924263038547582,0.015621768707481578,0.02145941043083706,0.02475736961451023,0.020828117913830314,0.19581587301585526,0.38382857142853666
050bb1eafa76,0.02679640301789606,0.015177005405015416,0.010758333233901128,0.007562650885124951,0.0056018899667097,0.004935708518769426,0.00421384623338937,0.0049953665588834805,0.005245930327362509,0.006276025819998514,0.007683955566690195,0.01114213329196821,0.01495030485258201,0.010696686592449938,0.007393619771468464,0.00574506926298343,0.004874061877318237,0.004607589298142128,0.0044306037791371,0.005005309565569157,0.00630585484005554,0.009632784877082636,0.012894091069984272,0.0135125460858333,0.5429915723074252,0.24657065699406072
05113073b268,0.05330882062729899,0.033051895051095556,0.016706319573484903,0.01160459289594602,0.008708970292684064,0.007503398256745451,0.006723496360194559,0.0077508671277664075,0.00887434422722598,0.011179712130947518,0.014504951745543301,0.01974324019241751,0.02205808058880971,0.019763369239342663,0.014617240252410067,0.011407643985835242,0.008990974293233464,0.008236135033540357,0.007548589940528385,0.009163057910083762,0.01119628899312117,0.017564961565360644,0.02581648939949082,0.035059471466483264,0.08522816077345892,0.5236889280769316
05195a3db5e2,0.03977202674270287,0.019470395691890192,0.015417626166808768,0.014347758647430061,0.01217819458861562,0.01134695922969313,0.010020562137823989,0.010915432739534804,0.01225177283808962,0.014244351377899034,0.017851674203462186,0.02708673881311779,0.0318911996436363,0.025295009008359026,0.01680169269745483,0.01391822075860887,0.012033026691004754,0.011933596624147997,0.010895546726163451,0.012987555332829623,0.015614497699185147,0.01940477184776473,0.020798781385096467,0.01592471950777823,0.25232566926372985,0.3352722196369738
0519b934f6b1,0.0509357638697017,0.02990979029479917,0.01688096865710017,0.013085261906528343,0.010744569498889139,0.009609054439993938,0.00868430234302089,0.009882967353053817,0.010740227939748421,0.012998430723713972,0.016410106833929513,0.021790087983668993,0.023911334311104607,0.021674641979245342,0.016209013708275325,0.013209193685636125,0.010789366495477463,0.010107149679592737,0.009381911959495438,0.011215826009254404,0.013134795149451995,0.018886966323709436,0.025137232737565674,0.031791264151508736,0.07569784642878984,0.5071819255367251
052d9a3fe55a,0.05869866895690374,0.037813993397671865,0.01776013438309567,0.011456585197966978,0.007942290417152633,0.006276907799492467,0.0052317761081631334,0.005778615216296363,0.006210797694395162,0.00737808507245653,0.008973805400267895,0.011296342196955004,0.012087295334954997,0.011117548897796321,0.008493865771621192,0.007522343242086768,0.006213757848354743,0.0063919591167215075,0.006037332672363726,0.008191140693354727,0.010604060857607702,0.01788682897256573,0.028647580646433912,0.03912178941701467,0.09673625265032261,0.5561302420379642
05339950962e,0.05944852607709212,0.02406802721088217,0.023223582766437805,0.018880725623581056,0.01193015873015765,0.008999546485259956,0.007213605442176217,0.007598185941042395,0.008188662131518533,0.009628117913831327,0.011909297052153116,0.014800907029477117,0.014193197278910278,0.02014693877550838,0.010810884353740518,0.015121995464851238,0.009273469387754262,0.01565986394557681,0.010841723356008089,0.013552834467118954,0.01636190476190328,0.023657142857140715,0.027936507936505404,0.024497052154192792,0.17041541950111835,0.4216417233559709
054b1b305160,0.05977414965985853,0.024000907029476284,0.022976870748297237,0.019130158730157,0.012676643990928558,0.009567346938774644,0.007676190476189781,0.00790385487528273,0.008546031746030972,0.010002721088434467,0.012426303854874157,0.01648163265305973,0.016385487528343186,0.020422675736959602,0.012311111111109996,0.014188662131517989,0.009696145124715675,0.013529251700679047,0.011024036281178139,0.014371882086166498,0.017497505668932656,0.024382766439907087,0.02871927437641463,0.023699773242628237,0.16140861678003074,0.4211999999999618
0551676cc2aa,0.057102948629092376,0.03620386698725721,0.01718211498658819,0.011417313822103205,0.007896901389772394,0.006322099483275401,0.005312489639461037,0.006040292826323307,0.006593052242375698,0.00800149349634425,0.01048012907849992,0.01480195385948791,0.017060946017842683,0.015035213991502878,0.0107321368522589,0.008621941766272389,0.006914919649580785,0.006726259170556834,0.006381697249661628,0.008329281211468498,0.010743977468097222,0.017786183737939984,0.02733840322190997,0.037725978153273665,0.09104604736561905,0.548202357703415
059bc89df7f4,0.05632930043946519,0.023068178350168826,0.022109706411938313,0.019332283623767352,0.013277697454755993,0.010492645039216035,0.008084782326730969,0.008268847087008074,0.00852396275215898,0.008881124683370252,0.009556346705526674,0.011201723532822389,0.011340725806451343,0.018112735374003902,0.009541087450788676,0.015755418942838457,0.009942835016937535,0.01791698774681802,0.012347836619159225,0.01588703001495369,0.019047841578416855,0.025532071138644977,0.028141403698842677,0.02276800019836977,0.18847373119296404,0.4060656968138579
