Image_Name,Feature_0,Feature_1,Feature_2,Feature_3,Feature_4,Feature_5,Feature_6,Feature_7,Feature_8,Feature_9,Feature_10,Feature_11,Feature_12,Feature_13,Feature_14,Feature_15,Feature_16,Feature_17,Feature_18,Feature_19,Feature_20,Feature_21,Feature_22,Feature_23,Feature_24,Feature_25
000c1434d8d7,0.04146912325078666,0.01729778658207067,0.017727665511394083,0.018570391255333548,0.011856098719883556,0.010350576238656753,0.008059538450071622,0.009917057968583902,0.01156902752156802,0.013157818119141925,0.012920241955018726,0.014331287150390162,0.011688980192669441,0.025669580468443923,0.012076497195669417,0.02389969627517807,0.013254333435816976,0.027055878146719194,0.0168424322675012,0.019620996142880816,0.02126743389792579,0.026165840973037056,0.02675512302718578,0.01886779818137748,0.2384391246017071,0.3311696724709736
001639a390f0,0.028238809463915965,0.012151467615107804,0.014035627107905959,0.018389879954161508,0.009593738936403983,0.00853367176290818,0.007025092235451852,0.009742515186240938,0.012289762563586383,0.014948228194234602,0.016498150632604527,0.019589697812435664,0.01655754467363533,0.03931958303053961,0.01736620618816007,0.03577180809435914,0.018809132008496567,0.03704688751933164,0.022648199778261918,0.024577341522723103,0.024809968183427074,0.028531266886540663,0.026627891674585485,0.016929630871857695,0.25042609401494037,0.26954180408816947
0024cdab0c1e,0.054687261574143414,0.022453039643543272,0.022169074449903337,0.019313209555344855,0.012673764763328656,0.009939258629108317,0.007201414532914041,0.007281048768577969,0.007499446852015568,0.007456291772209667,0.007596247749259745,0.00887087237159316,0.008004432813501198,0.016832388531143737,0.008421439634388055,0.01624824518570474,0.00974088831751434,0.01854595515304988,0.013335873363444611,0.017868348872340647,0.021736808374278483,0.02758634830774799,0.029726697210607524,0.02234503273110088,0.20494943464460708,0.397517176198605
002c21358ce6,0.056432653061219376,0.022575963718818818,0.02203809523809324,0.018497052154193335,0.012731972789114494,0.010115192743763256,0.00827936507936433,0.009012244897958367,0.010134240362810873,0.011825850340134983,0.01422766439909168,0.018415419501132117,0.0185496598639439,0.024759183673467144,0.014261224489794626,0.0186467120181389,0.010743764172334627,0.017813151927436027,0.011660770975055633,0.014185034013604157,0.01703582766439755,0.022602267573694098,0.025925623582764092,0.021938321995462865,0.17347392290247862,0.3941188208616423
005b95c28852,0.035828272501626464,0.019137700398762413,0.012774467468261313,0.007267316182454196,0.004275321960449083,0.0028413136800129303,0.0020895004272460274,0.0018828709920246797,0.0016689300537108844,0.0015948613484700013,0.0016078948974608863,0.0019369125366210322,0.0024080276489257045,0.00456015268961574,0.0018434524536132225,0.004021008809407424,0.0018440882364908267,0.004328409830729029,0.002401034037272059,0.003208796183268127,0.004771868387857921,0.0083414713541664,0.013659795125325086,0.01844120025634707,0.5582011540730617,0.279064178466788
0083ee8054ee,0.06312168230813656,0.03236215098657102,0.02212668952517178,0.014247142838894819,0.009226353946741645,0.006845918588928205,0.005374683627458612,0.005459080051604929,0.005582025112726187,0.0059069513456895106,0.006454501659644202,0.007610732670448756,0.007731396747133626,0.008745066230663994,0.0075484617953353915,0.008049480026787788,0.007181109251855271,0.008714957236103686,0.008006141322496437,0.009861380013831777,0.015034652715557418,0.022376229222512513,0.03283990317677227,0.026044280294666395,0.13438716334950548,0.5191618659547502
0097f532ac9f,0.057671890220123805,0.03572412470220781,0.018220339652011835,0.01226944347526787,0.009077410788853223,0.007406897237663117,0.006203890668489473,0.006791777244862223,0.0073427605685388656,0.008746070888977478,0.01122115428638165,0.01457342997380827,0.015559555929543294,0.014906743309657071,0.01143981099219602,0.009552811514761903,0.007908347318416107,0.007822108166393652,0.007329933234714016,0.009278898601702024,0.011847522864228952,0.018269083520546268,0.027388923182820147,0.0351705759117662,0.08931731745322387,0.5389591782928252
00a8624548a9,0.02865252972031188,0.01197401336016529,0.013798778811932646,0.017659100331674702,0.010239794706243912,0.009502318696778143,0.008056626977472073,0.010679281495145838,0.013364532673709907,0.016377761240613176,0.01848406609275692,0.023366168921310708,0.0205449519723477,0.03982224877485175,0.020006766262321063,0.03440967563866013,0.019415882898242587,0.03518063358302071,0.022044651508375406,0.02380594685747259,0.024423324622206963,0.027541220629064018,0.025516873730597578,0.016452003791901676,0.24258666289339467,0.26609418380941346
00b74780d31d,0.06915886633207581,0.043276464171084994,0.019780340788710927,0.011138269975513388,0.006908801998064318,0.004715525257612239,0.0034369360906706323,0.00335701193376195,0.003170522234308359,0.0032563666991362026,0.0035194257143442843,0.004388724260474517,0.005263745770926607,0.004744929453610742,0.0037319647686421867,0.0037043366650194327,0.003411281423020932,0.003992853004279909,0.004326758370920626,0.0064720806172274955,0.009532485124239447,0.017233226978290286,0.029025098948079118,0.04184611777781554,0.1033583144015022,0.5872495512406481
00cb6555d108,0.04904229102450519,0.02052488975188403,0.02045073931089157,0.01827462652973985,0.01265707495345897,0.010438045518356634,0.007983212912381169,0.008558772927030039,0.009456684698019123,0.010336952955717396,0.011238679540390978,0.013912148655659325,0.012959875789666123,0.022554132206182513,0.0124091120639665,0.0199462302011165,0.012111079744864972,0.021247320093386132,0.014747354426709448,0.018307052446058097,0.021568002868739375,0.026660302285835723,0.02852479247413488,0.020982190542313414,0.19961966307565063,0.37548877300331757
00cc2b75cddd,0.055170068027205886,0.022335600907027454,0.022567800453512695,0.01823129251700515,0.012499773242629252,0.010195918367346015,0.008108843537414232,0.008907029478457243,0.010204081632652138,0.012175056689341301,0.015355102040814935,0.02077641723355821,0.021366893424034344,0.02715283446711772,0.016430839002266086,0.019478458049884857,0.011736054421767644,0.01829387755101875,0.012399999999998877,0.014814512471653987,0.018010884353739865,0.023453968253966128,0.026741043083897804,0.021576417233558135,0.15914648526075656,0.39287074829928414
00e4ddff966a,0.03713291955320813,0.015557763908810323,0.016802346873378303,0.017057939390239772,0.013391426587725136,0.01287332720419904,0.011259661015655727,0.013290095599230617,0.01572513885921774,0.0184441473128448,0.02201314394054942,0.028906989120150682,0.029451315347757714,0.0376717619861437,0.023177377391887626,0.027284739600817245,0.018023802529984007,0.025023508789330132,0.017886946089052582,0.020111459318826387,0.021520556123538412,0.0241668446913047,0.0236907082583081,0.016359828485976353,0.17964792130801902,0.31352833071382047
00f6c1be5a33,0.058833560090697616,0.023446712018138464,0.02253877551020204,0.017512018140587983,0.011772335600905962,0.008913378684806449,0.007079365079364438,0.007875736961450533,0.008974149659863132,0.010634013605441214,0.012506122448978458,0.01571065759637046,0.015531065759635782,0.021121995464850694,0.013180952380951187,0.016068027210882897,0.009548299319727026,0.015142857142855772,0.009647165532878945,0.012106122448978495,0.01453605442176739,0.020870748299317836,0.02576417233559857,0.022928798185938966,0.19497596371880319,0.4027809523809159
0104b032c141,0.041100087359232394,0.017023367641223995,0.017551957762382466,0.01713352038636392,0.012882864238410289,0.012121332056642065,0.010500036240729753,0.012339491714224382,0.014808868297372003,0.017727677617724726,0.02075592440565153,0.025689193777275306,0.02404167111728206,0.030794368190556837,0.020131963942380572,0.024455101550339697,0.015955935087129964,0.022592995620593352,0.015896090197454377,0.018752670369578704,0.020592602694783895,0.024183296075319105,0.02454546494949128,0.018254121906185666,0.19168079737235175,0.32848859942929604
0124dffecf29,0.027929902221103812,0.01234988447276707,0.013320715011086694,0.016020814699908462,0.011156035133321992,0.010888470801423435,0.009624600545959202,0.012211007229768582,0.015290035077421658,0.018900115527232475,0.02304110300557106,0.031093653921403765,0.03089683837367425,0.04344455740958068,0.025410022686194127,0.03284985419345174,0.020276950919559212,0.03192720852665465,0.02049793168986498,0.021431640952540357,0.02142450784467146,0.024273966077850095,0.022273638828329934,0.014789698511189157,0.22572705293755613,0.2629497934019005
0125fbd2e791,0.05732517006802202,0.02249342403627914,0.021974603174601183,0.017559183673467798,0.011727891156461523,0.008955102040815515,0.007140136054421122,0.007851247165532168,0.008931519274375608,0.010500680272107892,0.012900680272107674,0.017266213151925874,0.017497505668932656,0.02289160997732219,0.013864852607708495,0.016255782312923697,0.009860317460316567,0.014912471655327447,0.009751473922901611,0.011530158730157685,0.014454421768706174,0.02029024943310474,0.02493514739228799,0.021964625850338145,0.20564988662129657,0.3915156462584679
012a242ac6ff,0.06532136252259207,0.03929090502543405,0.022894655933813745,0.011953633051968449,0.00715086785175237,0.004866963171036134,0.003197815929714676,0.00305078656343745,0.00281772318184355,0.002627021726573089,0.002748575707604261,0.0034176321109806278,0.0034825579499505707,0.0036975702014272666,0.0032208165632511133,0.0030943130788007077,0.003069419988074564,0.00347804516742127,0.0034428163489667266,0.004818196004993688,0.006920715942758019,0.01315243189483276,0.02283482517189301,0.029094345687293445,0.23612435831143563,0.4942316449121362
014508ccb9cb,0.04429012898067392,0.019490281705261542,0.017650825468411534,0.015640349516567904,0.012466541782500215,0.011100372663888372,0.009915166266955827,0.010994976793020209,0.011788428726537131,0.013866517123843356,0.016622718577112665,0.023051866700070586,0.02682225483527882,0.025386484669867242,0.015198880019723903,0.01682555591350045,0.011480195519281184,0.015530976443025472,0.011112304271911183,0.012303476472855134,0.01521280022908385,0.018605354110236404,0.02097775550543863,0.017959058675667484,0.24381445554079142,0.3418922734882967
0151781fe50b,0.03247515360514219,0.017019907633463,0.012247721354166278,0.00747044881184872,0.004842758178710783,0.0034383138020832238,0.002853711446126211,0.002847989400227774,0.0029417673746743853,0.003381729125976455,0.004015922546386591,0.005274136861165197,0.006048520406087047,0.00824324289957656,0.0045824050903318855,0.006032625834146943,0.003300984700520728,0.005527814229329251,0.0032310485839842722,0.003939946492512896,0.00557676951090477,0.00897312164306612,0.013338088989257387,0.016330083211262503,0.5554854075113755,0.26058038075764145
0161338f53cc,0.0534734042553156,0.031566489361700034,0.015315159574467068,0.008382313829786677,0.006055186170212364,0.005075132978723067,0.004697473404255007,0.0049707446808507335,0.005583111702127289,0.006884308510637841,0.009131648936169606,0.014299867021275645,0.017793882978722222,0.017962101063828593,0.01028856382978655,0.008992021276595147,0.007095744680850592,0.0070897606382974016,0.005867021276595355,0.006583111702127223,0.007561170212765455,0.011178856382977982,0.01761369680850947,0.024416223404253697,0.28038231382976864,0.41174069148933434
0180bfa26c0b,0.02671421443560055,0.010633667500609947,0.012719264100667182,0.017041734933277847,0.010097560802991842,0.00836140668735565,0.0067995314816712196,0.008259227935581903,0.009762272950851145,0.010645168139337729,0.011476310453549297,0.014242656399839421,0.012259680883814697,0.027774042527591455,0.013396474788829986,0.026363887286661985,0.015805858602300136,0.025512840020806178,0.01898357354923782,0.021537600011322752,0.023208288952662342,0.023356912591605977,0.02097097238785015,0.01379545848623224,0.3735349955589676,0.23674639853073867
0182152c50de,0.06341043083899653,0.026390929705213027,0.024429024943308446,0.018863492063490354,0.01197913832199438,0.009173696145123885,0.006782766439908682,0.007356916099772576,0.007915646258502685,0.008625850340135273,0.009719727891155583,0.01190294784580391,0.011212698412697397,0.01695147392290096,0.010960544217686082,0.014859863945576885,0.009686167800452637,0.015002267573694786,0.01128707482993095,0.014497959183672155,0.018419954648524407,0.02521179138321767,0.030364625850337387,0.024597732426301627,0.1547455782312785,0.4356517006802326
01b3aed3ed4c,0.04412237350077717,0.018476334803307765,0.01884374904629613,0.01772863132114585,0.012365718558305316,0.01059898297067146,0.00864246040223375,0.009808839686269489,0.011210783715323075,0.01273313280129368,0.014383993423260865,0.0183819181646164,0.017420585116122513,0.027608521912289144,0.016006481368449583,0.02294205107272506,0.014332016586809559,0.022268736457410888,0.015944967497787028,0.019172061449018372,0.021981194875941735,0.026062091814935136,0.02671251754814231,0.01963198492385585,0.20294045838800748,0.34967941259498053
01c7808d901d,0.041416862317625015,0.01583487168266799,0.017571819842151455,0.019651621195287444,0.011680427741908339,0.009757600253647412,0.007233817525783942,0.008727321084185741,0.010230159551609844,0.011120087545069504,0.01040179086135326,0.011287215170635493,0.008439412837497834,0.022938164252473397,0.009725091842403073,0.022507693930278197,0.012498706214363473,0.026152075166652477,0.01734499792994284,0.021123752725138178,0.02303716341920994,0.027073365179020405,0.02673747222455118,0.01848934313684372,0.275640866069929,0.31337830029976266
01d9477b1171,0.029620216916627966,0.014564516193177793,0.011965414245542158,0.008204969117019602,0.00616665274645608,0.005102751031088778,0.0045081592312853705,0.00478656341848429,0.005013263970917697,0.005906145971291377,0.007988211571271872,0.013049201974280812,0.01773434672457121,0.01952806513066711,0.0076938985733758705,0.011474229715269778,0.004999343761557751,0.01032282954106853,0.004191971618680883,0.00471298516901029,0.005864385343211539,0.008298433379864955,0.012386997729014809,0.013534420700541788,0.5261441417792163,0.23623788444630653
01eb826f6467,0.04054622409741412,0.01693658062990163,0.017707411420025822,0.01760703413495243,0.012495660649433584,0.011214360103152294,0.009123842204046537,0.010344344157231114,0.01182210760826413,0.013165160451063257,0.015028220084230727,0.019044265190587637,0.017761057237464097,0.027571565904720555,0.0167236663411355,0.02377677999206462,0.015576122699666977,0.02364397679067298,0.01739817308572608,0.0207652230140075,0.022937520981474717,0.02672992263557784,0.026145064012573,0.01847371211889967,0.2121611014892982,0.3353009029663911
01f7bb8be950,0.05411062766315078,0.033335872487618004,0.017461750863969925,0.011988426192704998,0.009058465803511906,0.007515041528986469,0.006708695590396655,0.007658510324227486,0.008725152467663106,0.010597745862493931,0.013689133314282828,0.01750990270171244,0.018644628386218418,0.01781835074430076,0.014043365071446,0.01147059659337566,0.009239627225838253,0.00863812394125143,0.007801584432273892,0.009476242199007412,0.011732866234194521,0.01775677954194148,0.026572315377170454,0.034390476671618,0.0862344157761191,0.5278213030045065
0212dd31f623,0.06091519274375865,0.024380045351471716,0.02339954648525865,0.018049886621313557,0.011756916099772178,0.008553287981858636,0.006839002267573077,0.007210884353740843,0.008020861678003808,0.009363265306121601,0.011047619047618047,0.014011791383218685,0.013812244897957932,0.019871201814057157,0.011700680272107784,0.015376870748297926,0.008668480725622797,0.014867120181404549,0.00922539682539599,0.011477551020407123,0.014351927437640423,0.020996825396823494,0.026303854875281064,0.02364535147392076,0.19346485260769222,0.41268934240359073
022f820027b8,0.031704266866047166,0.01654624938964791,0.012103398640950136,0.007755279541015378,0.005156834920247232,0.003799438476562379,0.003078460693359277,0.003210067749023335,0.003391265869140517,0.0038153330485024826,0.004459698994954285,0.0058606465657550216,0.006453514099120888,0.008467674255370825,0.004723548889160006,0.006244023640950322,0.0035727818806965007,0.005811055501301898,0.0035324096679686377,0.004239082336425646,0.0057185490926104955,0.009218533833821322,0.013514518737792539,0.015754699707030747,0.5515915552774889,0.26027711232502426
0231642cf1c2,0.05837226264696063,0.03541646603400871,0.018107261770755848,0.01213465779830829,0.00883329675898646,0.007088384671612221,0.005976748187990972,0.00647188327363019,0.007011618012260425,0.008365987120567301,0.010429017086797825,0.01387049208020648,0.015270447559490901,0.014288465819299292,0.011021245222311293,0.009216735368550827,0.007464126880881679,0.007428802376964015,0.0069164983983592285,0.008835664882154124,0.011484015957992427,0.01827322773608968,0.02752193276740398,0.03614940015440092,0.0957980811887328,0.5382532802452639
0232dfea7547,0.05843537414965457,0.024334693877548816,0.0230122448979571,0.01793741496598477,0.012419954648524951,0.009441269841268985,0.00748480725623515,0.008195918367346197,0.009009523809522994,0.010467120181404948,0.013047619047617866,0.016516099773241134,0.016957823129250163,0.02266394557822924,0.013824943310656344,0.017706122448977988,0.010368253968253029,0.01717823129251545,0.011275283446710997,0.014117006802719809,0.01757551020408004,0.023574603174601038,0.027570068027208388,0.023906575963716654,0.16356190476188995,0.4094176870747928
02358b47ea89,0.05682804899804597,0.035120055950856016,0.017935967528294773,0.011876532373032843,0.00849228702284275,0.006893014510279887,0.0058474881317559435,0.0064590559398053395,0.007204817394022399,0.008946374640242446,0.01180608070879482,0.016417408547029815,0.01819231686119447,0.016760983749938493,0.012693929553071758,0.010379878531068783,0.008249357054559817,0.0077927039703951494,0.007134957760576293,0.008938283552752925,0.011507105158877156,0.017968331878252856,0.027241112828438413,0.0354419233580611,0.09497121151602322,0.5289007724817669
0243404e8a00,0.05375777731116875,0.032457496136011725,0.017731716905083697,0.012526779526154096,0.009723316382833757,0.00823810846951341,0.0072152766046795856,0.008015899578947543,0.008883027345507416,0.010521768577531357,0.013499486117272351,0.017749280485243876,0.01944643542207021,0.018183041712121116,0.013950021549920552,0.011516774995145121,0.009423156771332262,0.009082541722383163,0.008341319170904127,0.010063734088185552,0.01237719307939661,0.01829552756258519,0.026001795037360578,0.03351703390994435,0.08806458029752927,0.5214169112411546
025a169a0bb0,0.060316553287976395,0.025616326530609926,0.02341678004534935,0.01806349206349043,0.010916099773241641,0.007923809523808806,0.006320181405895119,0.0069895691609970995,0.007853968253967543,0.009306122448978748,0.010088888888887974,0.01135419501133684,0.010298412698411766,0.01704036281178984,0.010359183673468449,0.01611609977324117,0.009123809523808698,0.01597913832199402,0.010019047619046711,0.01199637188208508,0.014471655328796875,0.021487528344669254,0.026634013605439762,0.0252780045351451,0.17988299319726261,0.4331473922902102
02685f13cefd,0.025613249443544883,0.010321380925924814,0.012373802606574986,0.014099783080259679,0.01091277915588802,0.010456292264846862,0.00928101545331938,0.010995052956017532,0.013298277027385086,0.015401124585533991,0.01790826382819028,0.02295129391032231,0.022549656219367494,0.032826803919416225,0.020079672886447113,0.027164066342760296,0.018022385550950572,0.024123474396038465,0.01803432852193711,0.019386980569227677,0.020338437257822188,0.020606932938890002,0.018842469558693117,0.012710417455491965,0.3438739636155025,0.22782809552960318
026dcd9af143,0.06792611148377861,0.0408658661281601,0.023062065608287812,0.011482993506251347,0.006370447621443252,0.0039805653381034325,0.002358438379264691,0.0021448818640877696,0.0018275313507369255,0.0016026200924217629,0.0016407603834758552,0.0019652440046955947,0.001901191607505516,0.0025053221719119395,0.002282594518046439,0.002348248225166269,0.002396578670318783,0.0027861337041384434,0.002783076657908917,0.004305485680213104,0.006475551782286973,0.01326612489984515,0.023798085881453806,0.029913051782286634,0.26264787369332726,0.4773631549648691
02cd34a85b24,0.05748752834466599,0.02295238095237887,0.022365532879816567,0.017992743764170704,0.011629931972788062,0.008842630385486727,0.007157369614511824,0.007919274376416516,0.009050340136053601,0.010832653061223508,0.012914285714284544,0.017616326530610647,0.018480725623581093,0.02322630385487318,0.013749659863944332,0.016394557823127768,0.009369614512470807,0.015158276643989556,0.0094884353741488,0.011382312925169037,0.014074376417232285,0.020335600907027636,0.02496689342403402,0.02227029478457848,0.19759727891154671,0.3967446712017781
02da652c74b8,0.06243446712017575,0.025538321995462538,0.023117460317458222,0.018022675736959818,0.01145668934240259,0.008437188208616015,0.0063464852607704,0.006969614512471024,0.007885714285713571,0.009011337868479909,0.009787755102039929,0.011868480725622507,0.01095691609977225,0.018656689342401937,0.010748299319726918,0.0161024943310643,0.00888163265306042,0.0159600907029464,0.00986848072562269,0.012465306122447851,0.015587301587300175,0.022512471655326757,0.027811337868478204,0.024913378684805,0.18355736961449584,0.4211020408162884
02dda30d3acf,0.06296346143827047,0.03836438469055659,0.019445054016889073,0.011996714623791824,0.007958867279326286,0.005865051711916123,0.004590804104115234,0.004760716941395173,0.004813012994681101,0.0052199354923248105,0.006022926589760433,0.007341773850552339,0.007832567377050839,0.0077927039703951494,0.006549636650968513,0.006299207625987975,0.0055301596272888795,0.0058474881317559435,0.005760262261746961,0.007732514173217006,0.01061570412984872,0.017951557672481896,0.028485561553046188,0.03909159584662694,0.10026751898050522,0.5709008182654807
0304bedad8fe,0.05641088435373639,0.02205532879818394,0.02189206349206151,0.018090702947844164,0.012648526077096359,0.00981405895691521,0.008262131519273628,0.008694784580498079,0.01003265306122358,0.011691609977323204,0.014082539682538406,0.018813605442175165,0.01901315192743592,0.02412244897958965,0.014885260770973708,0.01704489795918213,0.01051972789115551,0.015606349206347793,0.010310204081631719,0.012363718820860558,0.015202721088433997,0.020568707482991333,0.02426031746031526,0.02096780045351284,0.19731609977322476,0.38532970521538457
0318598cfd16,0.0627116510081088,0.03743233088048324,0.020356386749245354,0.013058620520892116,0.008866055796139154,0.006550820712552345,0.005297886213260439,0.005394189888745468,0.005571404439125706,0.006044239698269414,0.007071610465841263,0.008435254723221493,0.009128128093360709,0.009023733330386158,0.007359534774309824,0.007055822978056832,0.006077788109811331,0.006381894593258933,0.0062885510717334845,0.008336582924568799,0.01121602335285171,0.01860101545121393,0.02862547816353571,0.038084156782382944,0.09828283442240493,0.5587480048562202
032d7b0b4bf6,0.06628929308365818,0.041619962015303574,0.018486556164776805,0.010602087421634649,0.006840915800591265,0.004832550010814334,0.003527516801833805,0.003662697165987996,0.0036311221904191337,0.003751304441178115,0.004172238334230507,0.005121461037269422,0.00554338164830834,0.005547131176657143,0.00458113426784727,0.004518576347501462,0.004047319837136196,0.004637179849482,0.004674083102178108,0.006822562846041864,0.009808568816869685,0.01756377750377681,0.02946793798043241,0.04179500578611345,0.1083544622544827,0.5801011741154551
033f2b43de6d,0.063557663009757,0.04056634454929011,0.017838282447628605,0.010736478411399618,0.0071908059986137175,0.0054816131023517544,0.00424999171156883,0.004434705318646672,0.004486804028335295,0.004659677019574814,0.004939904927748465,0.0057985469196242066,0.006421363312720011,0.005636725169833789,0.004399972845520924,0.00431373369349847,0.003909574006217035,0.004533574460896672,0.004730523371007449,0.006825128312806834,0.010043407697663096,0.017833151514098665,0.031023005527198864,0.040934390358264655,0.11586141269597965,0.5695932195897352
034cb07a550f,0.06221118191812383,0.037609675172824465,0.02254527922186786,0.012086250628877906,0.007175760942478514,0.004989390593847171,0.003550977556039973,0.0035011913745876845,0.0034457278215662755,0.003424765218849523,0.003749248840069262,0.0043792915106116714,0.004284668651126328,0.004714838727709697,0.004097897683865258,0.003931215877541076,0.0036105171707007506,0.003916949661803286,0.003727849516462577,0.005052715122887362,0.006933963143085967,0.01305416969459798,0.02232080468444263,0.02837783228054443,0.25351662217936166,0.47379121480611236
03676c71ed1b,0.05392834467119693,0.02206530612244698,0.021652607709748604,0.017297959183671902,0.012017233560089614,0.009415873015872163,0.008015419501133061,0.008945124716552478,0.010297505668933308,0.012507029478456918,0.01562086167800312,0.020675736961449375,0.021042176870746394,0.025080272108841267,0.015676190476189057,0.017125623582764888,0.010572335600906072,0.015181859410429464,0.00966258503401273,0.01157278911564521,0.01399183673469261,0.019439455782311165,0.022835374149657795,0.02065941043083713,0.19951201814057148,0.38520907029474966
0369f3efe69b,0.03679894833242465,0.014729258159692987,0.015772966496520078,0.018853240818379854,0.01300295507190162,0.01258517695057008,0.01066759011298834,0.013261875969520267,0.01583495356783485,0.018288888248364766,0.018762348283162682,0.021671892032114528,0.018709041039535315,0.03139772084101936,0.018233861416233288,0.027358243674534405,0.016887341732349348,0.027903926426504886,0.01805256765680012,0.02061098781024635,0.02062793803978685,0.023232132001509115,0.022397394610514657,0.015520842067751004,0.23780918201303677,0.2910287266266956
03747397839f,0.034102515279407705,0.014205511534089645,0.01574276906665153,0.01828695939776745,0.010396577505729627,0.009138239048204537,0.007383785659716292,0.009460393491344638,0.011520697076415507,0.013676060241861653,0.015051876618778546,0.018368771777814777,0.015958509186278114,0.03444286642629499,0.016462921814149985,0.03108011557381586,0.0171736122756999,0.03255725119719706,0.020315527931503236,0.022386603965192438,0.02345802588182648,0.02763759037210909,0.026843340646952114,0.01792651908994328,0.2395610605679433,0.29686189837329774
03a7f4a5786f,0.05925103368576152,0.03169121094767491,0.024263987319489335,0.01613816735684269,0.010944083875764886,0.008402298342471493,0.0066117998841197095,0.006795526773211025,0.007116802149624197,0.007658510324227486,0.008765015874318795,0.010937374193456502,0.010989472903145125,0.011805488678002903,0.009614185373523878,0.00920805225026939,0.008018267702115207,0.008737190427098735,0.00826415782435772,0.010491377663546327,0.014854447256371143,0.023090779633508803,0.033273511910869503,0.03164029629957012,0.10213557347259802,0.5193013878780409
03b373718013,0.05667482993196765,0.02344489795918155,0.022674829931970734,0.01803628117913669,0.011944671201812977,0.009445804988661276,0.007161904761904113,0.007629931972788424,0.008769160997731631,0.009920181405894794,0.011727891156461523,0.014779138321994126,0.014327437641722058,0.02197188208616581,0.012973242630384312,0.01835736961451081,0.010835374149658883,0.01842902494330899,0.012441723356007944,0.015193650793649417,0.019043083900225032,0.02499410430838776,0.028949659863942954,0.02348934240362599,0.17239365079363517,0.40439092970517876
03c85870824c,0.05537965025788008,0.02310799546800079,0.022197447126681803,0.018784142582475825,0.013134403515731977,0.010446628849146758,0.007838011566514905,0.0083675553910945,0.008803636280403855,0.009218497268593182,0.009654339732047256,0.011399140140995242,0.010340290917691333,0.018963200399792022,0.01005298776207746,0.016900578325754166,0.010093043305764705,0.01904664944914045,0.012617257835627007,0.01595307397686659,0.019236913281654864,0.02533131656849819,0.02814378795739549,0.022371974852747657,0.19193686674092378,0.40068061044647624
03e25101e8e8,0.06395096879918663,0.034633801327095544,0.02449823416949083,0.01396679575569151,0.008777053833754423,0.006532073070808333,0.0053385389943053484,0.0055060837084176225,0.005759078200163129,0.006531481040016417,0.007676665935179581,0.01021272850415112,0.011362057614857698,0.010845806764306803,0.007865918444995448,0.00719712099372749,0.005883207322868218,0.006287367010149652,0.005986220680661631,0.007724620429324791,0.011276015806432548,0.01957253798074835,0.0319106570278785,0.03540699354133805,0.09714810873789895,0.5481498643065317
03fd50da928d,0.0628714583154649,0.03297265647096999,0.021915812514027803,0.013992699025015851,0.008914885521953004,0.00662625978770414,0.005144646347048986,0.005292111990861403,0.005537431866994821,0.006017921238519736,0.006961222352187567,0.008865502208905227,0.009091889914216634,0.009478744874627862,0.007964399307310554,0.007812485743847183,0.0068885729978886414,0.007995306646423598,0.007356631004235247,0.009240039853359966,0.013920505867604205,0.02087317452815532,0.030144349819071967,0.024982253941084623,0.1419927638049724,0.5171462740575369
03ff7d159f10,0.030261846199712606,0.011966443531406464,0.013843761063595677,0.01904685374624975,0.010440249594722863,0.009274641539493408,0.00759297496599389,0.009666234604132753,0.011822471211358765,0.01378189227085526,0.01456959118266325,0.01713256051204626,0.013872875789591168,0.03483183916559474,0.015515237482996776,0.03312134901335968,0.018104410065775726,0.03577340940428889,0.02269842268060414,0.025303899509940567,0.02607078139266178,0.028268360910801385,0.02569665716361973,0.016395666797100403,0.26839089896956775,0.26655667123185184
0415fc68b176,0.06972030886640965,0.04408419151485595,0.019604112956317213,0.010927309669993928,0.006577067410993962,0.004375502239455056,0.0030984918212918922,0.0029386435074745284,0.002828920467372733,0.0027645864546511764,0.0029264082044415944,0.003448184675717039,0.003578826137133206,0.003947266633302365,0.0031993343995149453,0.0034294370339730275,0.0030975051033053655,0.003695061515946079,0.003949437412872724,0.006010888630324804,0.00904761190566011,0.01694944688536514,0.030268166267505756,0.04342111702790984,0.1130468983112102,0.583065274946982
041f09eec1e8,0.03370145992881983,0.014232733802895428,0.015457008031005795,0.018306757411444385,0.010775942385450866,0.009758528285538458,0.007943225119719639,0.010236155365494475,0.012579454087241511,0.015015919932174117,0.016175413894944517,0.019469745141334243,0.01680065263569767,0.034597320047701066,0.01690124401401209,0.030822595822385748,0.01728060889373333,0.032855968285910794,0.02043256913000511,0.02227742374270935,0.023361073844261497,0.027182527204799575,0.026357124722827426,0.017483538533921896,0.23420103951217355,0.2957939702237831
0423237770a7,0.060983219954643,0.02491791383219729,0.02353741496598426,0.01859229024943142,0.012499773242629252,0.00943492063491978,0.007308843537414304,0.007592743764171648,0.008282993197278161,0.009370521541949265,0.011185487528343658,0.01412970521541822,0.014084353741495323,0.01964263038548575,0.012168707482992095,0.01608072562358131,0.009921088435373251,0.015721541950111953,0.010932426303853885,0.01391564625850214,0.01745941043083742,0.02363718820861464,0.028249433106573404,0.024184126984124792,0.16625759637186702,0.41990929705211616
042470a92154,0.05791292497024307,0.02381778923917299,0.02271959974974768,0.018821337015899695,0.012839947584459669,0.009845318842127516,0.007196169164097854,0.007127979369487424,0.00730870616779059,0.007199745551927072,0.00725982886745794,0.008540414136173385,0.007785081026642473,0.013894505142368514,0.007936004593035487,0.013340403454694954,0.008823187200536915,0.015910634174626532,0.012123239463484314,0.015996944334238334,0.019786723303933364,0.026270476012450923,0.029232201986754268,0.023214333399456215,0.209471657841726,0.4056248474074429
04579e31e4be,0.05702947845804472,0.022771882086165738,0.021881179138320012,0.018380952380950714,0.012339229024942193,0.00927437641723272,0.007679818594103612,0.008545124716552515,0.00945215419501048,0.011038548752833468,0.01371972789115522,0.01777142857142696,0.018394557823127586,0.02431927437641503,0.014232199546483972,0.017321541950111808,0.010335600907028543,0.016243990929703744,0.010433560090702003,0.012546938775509067,0.015022222222220862,0.02117732426303663,0.02518548752834239,0.022277551020406145,0.18746757369612815,0.39515827664395514
04a6fc58dabc,0.05713112659077594,0.023565296258430176,0.022560569704275106,0.019143211920529344,0.01317159794915585,0.010250404370250312,0.007621997741630117,0.007822037034211063,0.008239043855097921,0.008572363200781068,0.008895668660542406,0.010167432172612447,0.009251161610766709,0.018472996841333827,0.009082356105227604,0.017138050477614263,0.009772598956266743,0.01933562158574129,0.012622264778587912,0.016335270622882387,0.019377346110415503,0.02594764740440015,0.028504287850580696,0.02272341456343218,0.19125377666554308,0.403042456968892
04ac765f91a1,0.04257117488631754,0.018228371913815294,0.0183895477919854,0.017596304971464773,0.013242648854029654,0.012096297341837536,0.009951895199438222,0.011134487441633084,0.012688785592211373,0.014448845255897357,0.016749893185216434,0.021212986770225636,0.020948095645008196,0.028289943006682878,0.018194753868220642,0.022783497878963048,0.015432351908932398,0.02204103976561732,0.016137615588854255,0.019094573046051975,0.021093535416729745,0.024797957930234097,0.025219017990660734,0.01828225615710885,0.19711786057618474,0.34225626201665493
04aef84a2cc1,0.024797858674075243,0.015002008487347524,0.010267148703628746,0.0064768745550491625,0.004524068041982451,0.0037723767365453673,0.003708741493757043,0.004317253502920397,0.005321497178173645,0.006930275659915976,0.009423981736683445,0.012756877577721946,0.015532965044362607,0.018915575918829485,0.009054101887976309,0.012436712762443188,0.005589958358686889,0.010300954926360044,0.004162142598623856,0.004494239021925425,0.005120648443122995,0.007819180457615385,0.011327073216321778,0.013088974001023516,0.5241714492527783,0.25068706176193045
04d029cfb612,0.031565458056160685,0.013135399780125399,0.01488999874224362,0.018039484226805784,0.01036265884994488,0.009314674287737208,0.007637666070396967,0.010059574552331828,0.012575378025602144,0.015282319675032853,0.016966752147501943,0.021145734343264642,0.01871771176887073,0.038360835103508115,0.018365423584325295,0.03285917090577029,0.017758090400059368,0.03418170733411544,0.020734197691318387,0.022580362466692427,0.023394264631896356,0.02703447882311251,0.025897257625728656,0.01703138683921193,0.23889666252072622,0.2832133515475018
04efb1a284cc,0.05588934240362305,0.021875736961449264,0.0220108843537395,0.01828571428571263,0.013000453514738051,0.010262131519273446,0.008565986394557048,0.009063038548752013,0.010100680272107929,0.011564625850339088,0.013906575963717561,0.018354648526075434,0.01871292517006633,0.023590022675734824,0.014334693877549721,0.017413151927436064,0.01065306122448883,0.016498866213150432,0.010762811791382245,0.012882539682538515,0.015435827664397694,0.021031292517004897,0.02480090702947621,0.021392290249431168,0.19362176870746545,0.385990022675702
050bb1eafa76,0.028902331833922178,0.015620463503196553,0.011506047336663942,0.007697875776050141,0.005713251641589268,0.0046970763583132095,0.004170097003972396,0.0046195209061649384,0.004812415235867048,0.005808704505771755,0.007005842510727111,0.010370555973159773,0.01287818225928719,0.016873282345591694,0.007152999009675112,0.011175939514699508,0.004766677405112939,0.010259194298280205,0.004239698050772126,0.004802472229181372,0.006077165686284999,0.009241030413667013,0.012742957368362,0.013721349226232492,0.5272319067106293,0.24791296289662695
05113073b268,0.054680950659363355,0.03342743991676771,0.017259473676731904,0.011610315860267876,0.008756135412440053,0.007421500663863715,0.006554964928095758,0.007447550018708026,0.008587801323938557,0.010675893927026864,0.013643941630499895,0.017894328029263336,0.019546291282306737,0.018040362291269322,0.014005869787957976,0.011455401136383145,0.009138587304017894,0.008483998591755923,0.0076504192367379655,0.009117274195508913,0.011339363101167578,0.017359921567760346,0.026008702063266265,0.034525854379369496,0.09270708842413851,0.5226605705913733
05195a3db5e2,0.043790990045053,0.019424657861136084,0.01730480883575002,0.015188937013038226,0.012715116949642108,0.011315141608298968,0.010078231576600908,0.010633051349661613,0.011615420410206374,0.013683565800826924,0.0169925984258198,0.025283077400336217,0.029721635584821857,0.028423078911672606,0.016374143409970773,0.017531509388183427,0.011860018374673997,0.015316207498614877,0.010816002672678047,0.012291544864832324,0.01521677743175812,0.018670977954361862,0.0208007699864336,0.016670445009203907,0.24060883018532958,0.3376724614508959
0519b934f6b1,0.05199293352046667,0.030468864705965333,0.01744497665819897,0.013131242964700498,0.010812653039959498,0.009507817174576274,0.00854103089137718,0.009595832418974477,0.01046513096510471,0.012475667534452,0.015584223879206468,0.019867566658719908,0.02115326019516451,0.02008819680050733,0.016034364624660055,0.01339943291343852,0.011062292690550812,0.010383628059417584,0.00951827638523346,0.011169647607484944,0.013309444233067264,0.018898017565158538,0.025461468267938426,0.03145893753364647,0.0852634852773766,0.5029116074346338
052d9a3fe55a,0.06053159628867618,0.038704802395908386,0.018344863461911536,0.011346270127073265,0.007974852110708022,0.0061825775599804915,0.005060284522104752,0.005541408212335287,0.005882812635673608,0.006707906216007434,0.008025372071618202,0.009866785178074775,0.010533214506175068,0.010305874682079262,0.008482617186574785,0.0077930986575897605,0.00655614898967959,0.006606471606992464,0.006174683816088276,0.008184036323851734,0.010834558179260396,0.017717113478883096,0.028774077892306665,0.03844588759624372,0.10108412678615492,0.5543385595180287
05339950962e,0.06089614512471104,0.02487709750566668,0.023763265306120294,0.018751020408161567,0.0119873015873005,0.00883265306122369,0.007077551020407522,0.0074022675736954745,0.00819410430838928,0.00928798185940959,0.010857142857141873,0.013887528344669943,0.013043083900225575,0.02047619047618862,0.011506575963717779,0.01729433106575807,0.009373242630384639,0.01701859410430685,0.010673015873014906,0.013447619047617829,0.016436281179136834,0.022976870748297237,0.027678004535144886,0.024749206349204106,0.16525623582764942,0.4242566893423652
054b1b305160,0.06158185941042526,0.025057596371879817,0.0237523809523788,0.019242630385485786,0.012648526077096359,0.009585487528343803,0.007492063492062813,0.007785941043083195,0.008505215419500363,0.009809523809522921,0.011914739229023865,0.015912018140588128,0.016002721088433924,0.02102585034013415,0.012918820861676833,0.015871201814057517,0.00971609977324175,0.014896145124715203,0.010904308390021688,0.014030839002266303,0.01734784580498709,0.023737868480723474,0.02851428571428313,0.02360453514739015,0.15560997732424894,0.42253151927433813
0551676cc2aa,0.05826194757606692,0.03682964353431259,0.017606798407989385,0.011214247260475962,0.007841250495332274,0.00615139727160624,0.005155009448811337,0.005720398855091274,0.006295852784833784,0.00744399783395653,0.009600173978115195,0.01313459780585469,0.01490121768893252,0.013647691158848698,0.010400796952383154,0.008619573643104724,0.007148574468790365,0.006971359918410126,0.006468528432475998,0.008297311548705026,0.011012956791224467,0.017712377232547767,0.027770783043606074,0.03696817873962097,0.09896524858188696,0.5458600865469972
059bc89df7f4,0.05689317758720528,0.023401736121707258,0.022377220221563843,0.01928674428540864,0.013368060853907576,0.01049955938901919,0.00811243972594359,0.008255256813257044,0.008632446516311938,0.00903085612048686,0.009557777260658361,0.01096568193609398,0.010288790932950589,0.018741225928525205,0.009835543382060986,0.016802346873378303,0.01015813356425648,0.01871476065858899,0.012320894497512447,0.015712263863032556,0.01915036469618778,0.025335846659748532,0.028348357341226777,0.02295564134647609,0.1845442346720742,0.4067106387523936
