Image_Name,Feature_0,Feature_1,Feature_2,Feature_3,Feature_4,Feature_5,Feature_6,Feature_7,Feature_8,Feature_9,Feature_10,Feature_11,Feature_12,Feature_13,Feature_14,Feature_15,Feature_16,Feature_17,Feature_18,Feature_19,Feature_20,Feature_21,Feature_22,Feature_23,Feature_24,Feature_25
000c1434d8d7,0.04255393794137863,0.017560110263290036,0.017913708610505265,0.01888046308718552,0.012169082024335077,0.010532252128868613,0.008394503372649737,0.010117221709802898,0.011712854267985743,0.013449838820876693,0.013643015027856772,0.014987824221588468,0.013648401252165938,0.02602041291668958,0.011963968779696847,0.022931631635828016,0.013226092151601351,0.02569374569102018,0.01673558122309775,0.019483283488922146,0.020897822451413042,0.025639301153408612,0.02564818114483724,0.01902734687983277,0.23356983225259131,0.33359958750255725
001639a390f0,0.028919657331320504,0.012540877075297488,0.01421541054092811,0.01861435449158674,0.009887215374438525,0.008725828954478418,0.007302555574188874,0.01005884668418194,0.012545681005086743,0.015145771610114003,0.01689381975888324,0.020146953667989347,0.0185319598170195,0.03925873325320904,0.01720272700169539,0.03449367162315712,0.01873590847261791,0.03539622812901732,0.02268226400767664,0.024502371103284716,0.02449261767007623,0.0281385092328615,0.02578633051968584,0.017348591778932797,0.24717456141576402,0.27125855390649356
0024cdab0c1e,0.055558469649341,0.02269599559007484,0.022245370723593328,0.019527554399242676,0.012832556382945951,0.01004917294839296,0.007364736243781678,0.007411706137272079,0.0075311574907679715,0.007477988525040258,0.007648463011566332,0.008792430265205637,0.00888064783165969,0.016464735862300094,0.008096465193639749,0.015496965315713611,0.009724198507644655,0.017699781792656823,0.01336496131778892,0.01768333040864242,0.021589222769859404,0.027343392361216426,0.029213604770042333,0.022619460890529568,0.20508915219580187,0.3975984794152559
002c21358ce6,0.057619954648520856,0.022604081632651013,0.022118820861676002,0.018689342403626425,0.012870748299318563,0.010149659863944659,0.008607709750566114,0.009289795918366506,0.010100680272107929,0.012069841269840176,0.014678458049885292,0.019295238095236346,0.019263492063490317,0.025222675736959167,0.013209070294783383,0.01757551020408004,0.01054693877550925,0.017113832199544935,0.011943764172334519,0.013852154195010083,0.016675736961449736,0.02226213151927236,0.025585487528342353,0.02204353741496399,0.17290068027209318,0.3937106575963362
005b95c28852,0.036239306131997544,0.018997510274250697,0.012972513834635003,0.007444063822428149,0.004409472147623558,0.0029271443684894902,0.0022087097167968047,0.0020065307617186862,0.0018116633097330153,0.001863161722818951,0.001983324686686135,0.002504666646321535,0.0030717849731444337,0.004836718241373544,0.001996676127115822,0.004094441731770703,0.0018294652303059314,0.004273096720377468,0.0023571650187173727,0.003173828124999899,0.004624366760253759,0.008226076761881248,0.013420104980468323,0.018216133117675202,0.5546795527140123,0.2798325220743726
0083ee8054ee,0.06308051053905976,0.031789737942259706,0.021976258601592056,0.01488399369353406,0.00949699275011896,0.0069923577897442486,0.005535036833336615,0.005530018667576564,0.005611335762733759,0.0059846188657484865,0.006610406945871251,0.00790931353317181,0.009282466163876764,0.009149712869679043,0.007219771938052029,0.007591914548848563,0.006974338012696792,0.008276209879764653,0.007993824006539947,0.009844500729002514,0.014622592877124113,0.022609573930354898,0.03260678656737352,0.02734375712807605,0.13080430704605067,0.5202796623778017
0097f532ac9f,0.057923503306688176,0.03555440920852518,0.018162517978001357,0.012318779374594217,0.009099710615348732,0.007425644879407128,0.0062619096860972575,0.006841902518577791,0.007387557565127188,0.00876738399748646,0.011402710395902608,0.015255844133290302,0.016827291198633104,0.015619943070318743,0.011365609799609194,0.00929152859192957,0.007603254116981977,0.007411238796803835,0.007172847731258927,0.009115103415938552,0.011458755977537337,0.017952939077663037,0.02665381828285758,0.035852595384053616,0.08680414674153974,0.5404690541558087
00a8624548a9,0.02920032328991703,0.012297477965975188,0.01392470000186314,0.0179780521549553,0.010491054791584993,0.009717039800994883,0.008372230607263187,0.01110129944845047,0.013782037844485237,0.01694360594033553,0.019492017906720793,0.02422519891180765,0.02319948711498653,0.04062712537499708,0.01969043476438006,0.033192243371158704,0.01903418884044171,0.03350420766020038,0.021840120558257084,0.023520476969086806,0.023861701557753953,0.026971154294072316,0.024362038123986456,0.0163452983211282,0.23883566716976568,0.2674908172154171
00b74780d31d,0.06858064959197104,0.042784091895808056,0.01952596489178428,0.011150702622143627,0.006818813317693061,0.004677240599734994,0.0034304237519595547,0.0033621428672918905,0.0032003211175014724,0.0033205033682604536,0.003762158339029911,0.004894910587562837,0.006070486396711031,0.005215791276781397,0.0037836687911361987,0.003640397339492487,0.0032877443311077593,0.003726439147917636,0.004194932847920626,0.0062855909177739035,0.009235088323100228,0.016906031293957954,0.028223489255824633,0.04265325309079458,0.1013836943668645,0.5898854696698562
00cb6555d108,0.050453056810204185,0.020974799340799696,0.02078882717368034,0.01873049676503755,0.013054530854212768,0.010715334788048696,0.00827981467635101,0.008879455702383283,0.009686050370799658,0.010616864909817551,0.011578197958311439,0.014234023560288975,0.01446696562089873,0.022305930890834758,0.012201681569871836,0.018973452711569114,0.012013801995910234,0.020123380611590448,0.01457807206945978,0.01791221922971239,0.020986005355997914,0.026165568636127186,0.027563936277351556,0.02120607242042248,0.19549751846369356,0.378013941236601
00cc2b75cddd,0.056037188208611706,0.022357369614510444,0.0224943310657576,0.018524263038547074,0.012757369614511316,0.010441723356008124,0.00848435374149583,0.00926077097505585,0.010402721088434432,0.01251882086167687,0.016119727891155,0.022128798185939037,0.022223129251698667,0.027962811791380687,0.015333333333331945,0.01806712018140426,0.011258956916098753,0.017056689342402082,0.012461678004534018,0.014740136054420433,0.017540136054420178,0.023249886621313085,0.02605986394557587,0.02167346938775314,0.15754104308388595,0.39330430838998703
00e4ddff966a,0.03804871326334331,0.01600409710989677,0.017003339869380373,0.017518578142643095,0.013683975112155196,0.01305500770592333,0.011504524369029542,0.013649880214849981,0.01606060403759842,0.018971545304726865,0.022485465559861518,0.029471104693746055,0.0315859420300905,0.0369898640400394,0.023011194570756614,0.025713990066224553,0.01789219145786877,0.023079384365367044,0.01764232116153405,0.019822248756370266,0.02092353778191423,0.023652798547318384,0.022930845057526843,0.01658299508651958,0.17586004974516625,0.3168558019501252
00f6c1be5a33,0.05934693877550483,0.023333333333331218,0.02254331065759433,0.017649886621313594,0.011953741496597557,0.009024036281178321,0.007356009070294118,0.008153287981858671,0.009197278911563793,0.01082267573696047,0.01305396825396707,0.016681179138320484,0.016203174603173134,0.02232471655328596,0.012231292517005695,0.01548662131519134,0.009278911564625009,0.01451791383219823,0.009788662131518388,0.011994557823128166,0.014569614512470335,0.020683900226755494,0.02520634920634692,0.023025850340133967,0.19153560090701213,0.4040371882085802
0104b032c141,0.04203066347239501,0.017362647633289176,0.017657103564561485,0.0174372749259922,0.013234542374950092,0.012245790353098862,0.011024573122348441,0.013014713736380804,0.015655995361186188,0.018707607882930553,0.0221809957426674,0.027364850688191736,0.027512913144321374,0.03160740035706581,0.01951825579088671,0.022531243324075516,0.015515562532425546,0.020301246299630243,0.015552995391704698,0.018056705298012815,0.01978410061952527,0.023333069475386266,0.02371240501113869,0.018127279351176057,0.18673894466993787,0.32979111987669735
0124dffecf29,0.028791552536940348,0.012749047366165243,0.013551012493711023,0.01642419922857598,0.011383712290606725,0.011086596511822746,0.009893329466897577,0.012601435705368107,0.015713508767026065,0.019454314336556634,0.02380187079583322,0.031662555667355645,0.03264197504984394,0.04375448366780267,0.024890907121694537,0.03132729959751757,0.01982465365121927,0.03019881281793237,0.020280735833938624,0.021282573555443447,0.020768553067993065,0.023676095179532702,0.02121997689455314,0.014740203476996824,0.22329044151899355,0.2649901533996645
0125fbd2e791,0.057938321995459605,0.022391836734691847,0.02206167800453315,0.017626303854873685,0.01193015873015765,0.00908662131519192,0.0075718820861671145,0.00835011337868405,0.009299773242629542,0.011092063492062487,0.014106122448978313,0.019482086167798687,0.019417687074828174,0.024727437641721115,0.01308117913832081,0.015561904761903353,0.00930521541950029,0.01417868480725495,0.009686167800452637,0.011236281179137305,0.013952834467118917,0.019930158730156924,0.02439002267573475,0.02202993197278712,0.19944852607707944,0.3921170068026856
012a242ac6ff,0.06479336696666387,0.03797986891385713,0.02262112308308611,0.012800871578437215,0.007404165967913135,0.0050466010304283096,0.0033892452531350246,0.003176853326997923,0.002896041794771419,0.002746392103154599,0.0028632877280264923,0.0036172135576797134,0.005234827733989154,0.004358037760634964,0.002672295125496076,0.003028950518940832,0.0028771172228743503,0.0032898184638604252,0.0035959598077030057,0.004657919438388514,0.006656499804348945,0.012868272169116776,0.02218658579760342,0.029264666834367063,0.22941283167495521,0.5005611863435558
014508ccb9cb,0.044946367421928514,0.0204666849617949,0.01775025553526829,0.015747733988773202,0.012689265132259351,0.01135491363504167,0.010147832623400637,0.011112304271911183,0.01203501529234189,0.014132989703019466,0.017040324857911047,0.023298453265875343,0.027858316131926228,0.02541631368992427,0.014886669609793686,0.016505391098221692,0.011062589238482804,0.014860817792410929,0.010422259607925288,0.01190774480676524,0.014590368010560548,0.017774118751313912,0.019657324217580895,0.018305075308328998,0.23433678156800533,0.35169408947903585
0151781fe50b,0.03276602427164609,0.01683266957600858,0.01231575012206992,0.007651646931965903,0.0049829483032224975,0.003542900085449106,0.0029859542846678738,0.0030018488566079774,0.0031808217366535445,0.003677686055501185,0.0044749577840167845,0.00592486063639304,0.007912317911783602,0.008308410644530986,0.004540761311848814,0.006050427754719859,0.0033496220906574455,0.00546773274739566,0.003201166788736877,0.0038623809814451898,0.005447705586751128,0.008836110432942428,0.013174057006835518,0.016232808430989065,0.550871849060041,0.26140658060708805
0161338f53cc,0.0533264627659539,0.03130718085106175,0.015594414893615986,0.008773936170212182,0.006132313829786826,0.0052041223404251866,0.004829787234042232,0.005130319148935829,0.0057692819148932335,0.007133643617020803,0.009567154255318514,0.014894946808509649,0.020400265957445454,0.017310505319147785,0.009688164893616378,0.009347739361701506,0.006281914893616604,0.00725598404255271,0.005998005319148538,0.0060984042553187436,0.007340425531914406,0.010883643617020555,0.016944148936169086,0.02464361702127496,0.2747194148935988,0.415424202127632
0180bfa26c0b,0.02712292944269554,0.0108689882622707,0.01277809429108237,0.017127105059218686,0.010187354251520286,0.008405639913231731,0.006823417423644304,0.008512241987593087,0.009829065121924028,0.010750885549181563,0.011698803579705985,0.014194884515893255,0.013464151624420391,0.028008036292475925,0.01320273325949275,0.025922882024677452,0.015817359241027916,0.024521573428923197,0.018856181858714703,0.02147700049187252,0.023411319459433557,0.023482092620835286,0.02074272894232957,0.014320506877381326,0.37057092709301137,0.2379030973873982
0182152c50de,0.06365714285713708,0.025815873015870676,0.024374603174600967,0.01913378684807083,0.01215691609977214,0.009273469387754262,0.007123809523808878,0.007639909297051462,0.008028117913831472,0.009088435374148836,0.01026938775510111,0.013084807256234642,0.01202811791383111,0.01743219954648368,0.010388208616779105,0.01365260770974933,0.009489342403627258,0.013811337868479474,0.011315192743763147,0.014597732426302532,0.01810702947845641,0.025325170068024917,0.03013877551020135,0.025025850340133788,0.15286530612243512,0.4361768707482598
01b3aed3ed4c,0.04491060937833689,0.018862346263008065,0.019046411023285168,0.018022133548997038,0.012642054124576254,0.010774464400158439,0.008897814493239937,0.010158848841822323,0.011556024353770285,0.013170405819879443,0.015019398327585321,0.019286505859553358,0.01941597109897106,0.027526741843927685,0.01603318506424108,0.02169198431348561,0.014223532822656601,0.020686780907619978,0.015636444441053127,0.018715237510299552,0.02146762558366598,0.025667973876155277,0.026024420529800703,0.019670133060700846,0.1980782399212575,0.3528147125919286
01c7808d901d,0.04200209560518999,0.01614374253207265,0.017601052846721303,0.019878852533330375,0.011736191540541577,0.009788061535720195,0.007375069438621438,0.008917212786139453,0.010183976317499496,0.01132774832823234,0.01079230122211965,0.011463677705223786,0.009410734686818637,0.022952821697341752,0.00969356605316108,0.02171471797438352,0.012607695371457216,0.025039747059994764,0.017338201461093265,0.02120056101165503,0.022968707419713043,0.026940465553202862,0.026152648362820514,0.018703145307521228,0.272447098906798,0.3156199067426186
01d9477b1171,0.02941737958024018,0.014663946260034548,0.011883881590719618,0.008409795054744523,0.006210401975873053,0.005092808024403103,0.004643384122210561,0.004965537538826454,0.005249907530036779,0.0063456268667982435,0.00830837638655063,0.01355828391658741,0.019931751202105545,0.019064721019114623,0.007757533816164196,0.011521956147361023,0.004895936492026723,0.010193570454154746,0.00421384623338937,0.004784574817147155,0.005701320033566457,0.008240763941088036,0.012506313809242919,0.013486694268450544,0.5211587182270185,0.23779297069194621
01eb826f6467,0.04144938123721938,0.01735525643177546,0.017953228476820765,0.01815732100894149,0.012772473067415083,0.01142226744895752,0.009538941618091145,0.010823341700491089,0.012299197744681856,0.013678014465773165,0.01572251617480965,0.019812234870448454,0.019970311212499904,0.027528410824914654,0.016689333017975004,0.022244178594316922,0.015539881969664231,0.021905375453962306,0.017409140675069015,0.02050009346293478,0.022572490997039167,0.02621539963988096,0.02549320772423414,0.018602700506606812,0.2058442468794775,0.3385010547959757
01f7bb8be950,0.054299485485772035,0.03342053289086202,0.017464316330734895,0.012004016336892123,0.009048993310841249,0.007562009305145151,0.0067726349159236005,0.007800992401481976,0.008796985537082268,0.010845609420709498,0.014085991288463964,0.018173371875853155,0.019629175593174997,0.018476294297716925,0.014210120411169052,0.011456190510772367,0.009102078738516397,0.008302639825832271,0.007630684877007426,0.009328037157431066,0.011383962754158596,0.01743116260638759,0.025689202779228846,0.03508927034967638,0.08036778531542453,0.531628455683722
0212dd31f623,0.061306122448974036,0.023951020408161095,0.023262585034011497,0.018220408163263657,0.011781405895690543,0.008704761904761117,0.006923356009069667,0.007419501133786176,0.008039909297051426,0.009524716553287118,0.011393197278910533,0.014940589569159644,0.01451791383219823,0.02085260770974868,0.010861678004534163,0.014712925170066695,0.008517913832198775,0.014249433106574673,0.009472108843536556,0.011334240362810765,0.014264852607708458,0.020706575963716944,0.02596553287981624,0.023743310657594222,0.19240907029476714,0.4129242630385113
022f820027b8,0.032270113627114856,0.016422907511392706,0.012363433837890231,0.008045196533202868,0.00530370076497379,0.0038366317749022215,0.0031970342000324503,0.003304163614908749,0.003498713175455618,0.003911336263020709,0.0045375823974607935,0.005746523539225078,0.00762367248535132,0.008170445760090886,0.004572868347167823,0.00616550445556621,0.0035575230916340015,0.005731264750162578,0.0035069783528644716,0.004140535990397004,0.005635897318521956,0.009030024210611692,0.013227462768554266,0.01585610707600861,0.5488557815551584,0.261488596598299
0231642cf1c2,0.058551845320508535,0.03516958919377967,0.01820356544624088,0.012355090596498409,0.008992158354817295,0.007204028019633178,0.006180801467604743,0.006757636802528391,0.007295990135977488,0.008824810984302328,0.011211287106516381,0.015210849793104674,0.01761942839821693,0.015502326286324732,0.011210300388529854,0.009043073002922087,0.007323618239600243,0.006972346636396653,0.006747966966260427,0.008629046135775384,0.011116167492615184,0.017799011071764834,0.02669999668462704,0.03648310817744433,0.08585966028483617,0.5430362970131545
0232dfea7547,0.058976870748293976,0.02404716553287764,0.022839909297050084,0.01812426303854711,0.012479818594103178,0.00959546485260684,0.007691609977323566,0.00839909297052078,0.009050340136053601,0.01082267573696047,0.013457596371880867,0.018000907029476827,0.018000907029476827,0.02293696145124509,0.012660317460316314,0.01626394557822982,0.010262131519273446,0.015779591836733265,0.011526530612243853,0.014076190476189201,0.017252607709749002,0.023750566893421886,0.027159183673466928,0.02363628117913618,0.16485170068025717,0.4083573696144755
02358b47ea89,0.05722905118777052,0.035223661339441346,0.018099565370460938,0.012151037316884637,0.008725941842052328,0.00704181158264815,0.006159488359095761,0.006745796186690068,0.00757148179781581,0.009432431920405616,0.012683667686011878,0.018275595859257344,0.02136619393665702,0.018455770563597162,0.012731622180157087,0.009865601116490942,0.007683967648279881,0.007154692120306831,0.006871306714576295,0.00863042754095652,0.010901852345941532,0.017310388324836692,0.026140132899071654,0.035853187414845535,0.08353297927260564,0.5341623474731232
0243404e8a00,0.05407135628728701,0.032419014134537176,0.017691853498428008,0.012610650555008885,0.009731210126725972,0.008365395089775384,0.00736308695906132,0.008144567604390656,0.008979923051784362,0.010866330498426563,0.01392180141550588,0.01867797945416303,0.02099400391213906,0.018981493906818716,0.014005869787957976,0.011196881023913087,0.009122997159830767,0.008511824038975982,0.008235345659151135,0.00986954798843705,0.012097162514820266,0.017848544314688485,0.02539239800888154,0.033658923956406926,0.0787843002906461,0.528457538762219
025a169a0bb0,0.06105941043083347,0.02563174603174371,0.023482086167798327,0.01825306122448814,0.011097505668933236,0.008057142857142128,0.006606802721087837,0.007288888888888229,0.008184126984126242,0.010049886621314282,0.010983219954647532,0.012757369614511316,0.012060770975055597,0.018579591836733012,0.009970975056688439,0.015215419501132409,0.008729251700679482,0.015296145124715168,0.0099437641723347,0.011664399092969464,0.014195011337867195,0.020828117913830314,0.026026303854872927,0.025244444444442158,0.1761260770974897,0.4326684807255844
02685f13cefd,0.02598746253445653,0.01074955855240528,0.012365398293658531,0.014278485312799048,0.011003457268933987,0.010479735874561184,0.009440697398732035,0.011587778182757021,0.013850750018577341,0.01617122504803657,0.018954379620159605,0.02410401177665299,0.024836071664902135,0.034616037906103715,0.020349937896549968,0.026834086477724728,0.018349711422433572,0.022729243116424384,0.01789233986687489,0.01890395374266087,0.01970811378908803,0.019987667776624862,0.017975055999263162,0.012619739342445998,0.33649232288130204,0.22973277823582725
026dcd9af143,0.06661056258967239,0.03890688178955354,0.022663193862149596,0.012342169070378266,0.006652860463599509,0.004110125868783364,0.002523518875659121,0.002234264072893925,0.001868000819870657,0.0017032114707361819,0.0017829858199638253,0.0023876986788901587,0.0028292234986117687,0.0031657897311196366,0.0018206893901279852,0.002297879749194071,0.0020409422922838694,0.0026404145005310144,0.002937384705685015,0.004132398634169914,0.006360839761864741,0.013288252091601723,0.023582636909087178,0.030290233057558208,0.2595190596642219,0.4813087826317779
02cd34a85b24,0.0581369614512419,0.022983219954646444,0.022354648526075074,0.018420861678002866,0.011739682539681476,0.009067573696144303,0.007473015873015196,0.00833650793650718,0.00929614512471571,0.011324263038547727,0.014107029478456773,0.01931700680271934,0.019943764172333792,0.02481814058956691,0.013142857142855952,0.015863038548751398,0.009170068027210054,0.014712925170066695,0.009602721088434504,0.011215419501132771,0.013863945578230036,0.01978956916099594,0.024495238095235877,0.022437188208614747,0.19175328798184205,0.3966349206348847
02da652c74b8,0.06241360544217121,0.02513469387754874,0.02310113378684598,0.018215873015871367,0.011482086167799414,0.008264852607709003,0.006631292517006202,0.007279818594103649,0.008083446712017408,0.009623582766439038,0.010843537414965004,0.013824036281177886,0.01276462585033898,0.020255782312923337,0.009990022675736057,0.015053061224488433,0.008574149659863169,0.01529523809523671,0.010112471655327882,0.012395464852606586,0.015267120181404513,0.0221986394557803,0.027321541950110904,0.024781859410428594,0.17916009070293162,0.4219319727890774
02dda30d3acf,0.06335499113532436,0.0382365060395027,0.01929882241128578,0.0120691397240029,0.008048855959697543,0.005887351538411631,0.004725984468269425,0.004913460885709543,0.0050456810959041525,0.005568838972360736,0.0065050369979774945,0.008402100998874187,0.009973745407814295,0.008818890676383166,0.0066295608078771944,0.006039898139128696,0.005195267542661637,0.005375047559806845,0.0056250818975927715,0.007544248381387666,0.01020621616544004,0.017541477677281304,0.02767171655775877,0.03949792631347874,0.09034113603604421,0.5774830166100046
0304bedad8fe,0.05735963718820342,0.02201269841269642,0.02203990929705016,0.01825850340135889,0.012906122448978423,0.0101315192743755,0.008525170068026439,0.009252607709749729,0.010260317460316531,0.012109750566892327,0.014741043083898892,0.01994557823129071,0.020416326530610394,0.02533151927437412,0.013971882086166535,0.016539682539681043,0.010143310657595453,0.01499138321995329,0.010380045351472982,0.01223310657596261,0.014856235827663053,0.020335600907027636,0.023858503401358384,0.02116371882085976,0.19144308390020942,0.3867927437641373
0318598cfd16,0.06335696457129741,0.03748107474901768,0.020549586131007328,0.013309049545872653,0.009002617565474482,0.006683830297136176,0.005452208906353251,0.005539237432764928,0.005794600047678099,0.006408338635297855,0.007547997909736469,0.009757654168764895,0.012388639008040324,0.010156090891724473,0.007431170500131679,0.006723693703791864,0.005761446323330794,0.005923268073121212,0.0060546989089266005,0.008062275324314309,0.010775552443666086,0.017988658268775312,0.02739267271116895,0.03861639246431557,0.08683453765552478,0.5650077437627472
032d7b0b4bf6,0.06609668573268812,0.04097070158016885,0.01834249533874387,0.010729374041896625,0.006856505944778391,0.004865309047967029,0.0036713802842694328,0.0037382797637559593,0.0037191374348173366,0.0039837751988038616,0.00449943401856284,0.005895245282303847,0.007122327770348748,0.006261317655305341,0.004588238637350264,0.004345703356261943,0.003877604343453563,0.004332481335242481,0.004591198791309845,0.006702183251685577,0.009538208088561304,0.017309796294044777,0.028719611059450378,0.042309875231483204,0.10040881699617588,0.5865243135205509
033f2b43de6d,0.06543755811768812,0.041027536536192795,0.01853845753086812,0.011190566028799314,0.007451496890654134,0.00560929440980834,0.004391684414434098,0.004587251919363738,0.004561794595311342,0.004756375382254455,0.005068967640386188,0.005842159854628697,0.0067055380928397685,0.0057381597788487585,0.00435734662850296,0.004213088458872722,0.0037607769338487734,0.004293407302976015,0.004622773766878707,0.0066966576309610264,0.009467164393531364,0.01706114336143999,0.029098510766276724,0.042339476771079014,0.10397264501991386,0.5792101677736213
034cb07a550f,0.06187621699554571,0.036629236774926334,0.022314108297463667,0.01277146570518177,0.007452205265805694,0.005152869780311849,0.0037809838914043465,0.0036801013658299725,0.0035763073676560496,0.0036617590884528138,0.0040990622729050775,0.00500831516574424,0.0055687736411574274,0.0056370476736168525,0.003729305252762351,0.0038480933348239515,0.0032985528816590723,0.003727412795572644,0.0038099530437698593,0.004837120576890757,0.006684595514934593,0.012617303231035649,0.021751466217600816,0.02845338499450273,0.24884894930776466,0.4771854095626666
03676c71ed1b,0.05463310657595877,0.02179229024943113,0.02160272108843342,0.017431292517005224,0.012043537414964896,0.009447619047618191,0.008027210884353014,0.00909115646258421,0.010316553287980925,0.012649433106574818,0.015895691609975886,0.020662131519272504,0.021157369614510556,0.025713378684804927,0.0151746031746018,0.017019501133785305,0.010360997732425365,0.01498231292516871,0.010023582766439,0.011435827664398057,0.013890249433105318,0.019304308390020928,0.0227337868480705,0.020683900226755494,0.1984154195011158,0.38551201814055464
0369f3efe69b,0.03741865527523867,0.014968035306263502,0.01586606993124253,0.019009477716753157,0.013099988994633466,0.012674431782450004,0.010956808522346045,0.013533161527335122,0.01590602989267134,0.018646398886885643,0.019490716842402993,0.022137818631561113,0.020331349965411537,0.031724278886466284,0.01820348201932737,0.02636104611248511,0.016920668995262313,0.02674803541107642,0.01801416351354169,0.020456470500377157,0.020443368873679188,0.022910405180907072,0.021809540997610084,0.015707048937195912,0.23353608646549362,0.2931264608313744
03747397839f,0.034871144045688654,0.014508159110812767,0.01587538664356099,0.018572429286153234,0.010618140570555308,0.009203601608064412,0.007556581558499527,0.00970757751504635,0.011551995406860659,0.013743024111651281,0.015245198399388602,0.018479553310227617,0.017433461205209652,0.03415404834441973,0.015905520384966322,0.02979397255296508,0.016977670169750252,0.031092926053253877,0.020274039446959664,0.02230610174781491,0.02321419005161425,0.027329847718336756,0.025874111418562242,0.01822698306221674,0.239576054651831,0.29790828162557564
03a7f4a5786f,0.059831026518242056,0.03126179127993838,0.024513429626483344,0.016505029104233408,0.011180304161739435,0.008604575529709514,0.0068857127971795875,0.0071081190313427595,0.007418935197098745,0.008168446179664607,0.009611027875966993,0.012285428306649606,0.013142096862552294,0.012851607087318763,0.00982593505343256,0.008855004554690052,0.007514054810999943,0.008089311397145147,0.008015307548155628,0.010188257898085251,0.01431333111255977,0.02267162183283216,0.03248690033201023,0.03201071023171233,0.09235818494410258,0.5243038507261352
03b373718013,0.057502947845799776,0.02315374149659654,0.02264217687074625,0.01820589569160833,0.012298412698411584,0.009547392290248568,0.0074412698412691675,0.008048979591836005,0.008847165532879018,0.010057142857141946,0.012153287981858309,0.015703401360542796,0.014743764172334264,0.02206077097505469,0.012035374149658773,0.016734693877549504,0.010657596371881121,0.016943310657594836,0.012619501133785705,0.015145578231291144,0.018737414965984696,0.024934240362809532,0.028655782312922574,0.02361904761904548,0.17239727891154902,0.4051138321995098
03c85870824c,0.05615882595293912,0.023129930646686662,0.0222787503433327,0.01915799432355678,0.013414315469832133,0.010683385723441012,0.008239997558519046,0.008715180288094522,0.008974349192785211,0.00952058282723449,0.009987420651875124,0.011635420163578934,0.011591311380351906,0.01859626300851422,0.009761154515213245,0.01600981933042352,0.010029860454115181,0.01791388821069936,0.01259842219305979,0.015807634205145044,0.018956524475844148,0.025008726386302697,0.027571089053009992,0.022492379909664677,0.18815972434155867,0.40360704939419795
03e25101e8e8,0.06505806638006986,0.03477430996837698,0.02500224971700879,0.014264389900428035,0.008957228538094242,0.006588710683234979,0.005454379685923611,0.005581468962588281,0.005901560277417619,0.006658372973083781,0.007982548511002933,0.01096954119981728,0.012912586258886128,0.011505329066501408,0.007829015192299341,0.006698433723336775,0.005584429116547861,0.0057778258419071415,0.0058141370638113326,0.007541288227428086,0.010921784049269377,0.019220279659558234,0.031173381348345568,0.035766356232031164,0.0914687573510472,0.5505935700719643
03fd50da928d,0.0636695747697567,0.03273269690826208,0.02209327310317871,0.014802790647598683,0.009282124016211306,0.006823108744564336,0.005359857228622096,0.005500708017568991,0.005672123997963472,0.006339540044050298,0.007384002817471891,0.009312004912327976,0.01101407549875993,0.010241848217821122,0.007697067931366003,0.0073999697085265995,0.006636182070002424,0.0075161858655605155,0.0072955006213400765,0.009151081460340875,0.013204618902244154,0.02079767394331091,0.029239027096269982,0.026631063540926942,0.13305255935577548,0.521151340580167
03ff7d159f10,0.030838317774423314,0.012292965183445886,0.014064887407531427,0.019345134114073546,0.010737947668026751,0.009508287215607219,0.007935218570070878,0.010122607934112064,0.012242887854733644,0.014444106713622687,0.01562296196918009,0.018405456332569094,0.016669199647828033,0.03598405444686627,0.015844961754895703,0.03231108618890519,0.01827662367003905,0.03410571789926721,0.022883155617045525,0.025237663508300825,0.025817628850130992,0.027849254430096303,0.024684774861646466,0.016468453612089127,0.25831720377512807,0.2699894430003501
0415fc68b176,0.0702718842208782,0.043521564918938285,0.01973041285859266,0.011054596290255903,0.006745796186690068,0.004484633248764936,0.003218476728453568,0.0030807308975344073,0.002937854133085307,0.0029907422171631505,0.0032143325129101548,0.004246242183220028,0.0052021745685673255,0.004565544123660144,0.0031567081824969818,0.003160260367248479,0.002849444201492493,0.0033801011346466805,0.0037917598786257195,0.0058441332906017515,0.008639110659237958,0.0166110026159864,0.029290328742857558,0.04405715544202511,0.10668631682646025,0.5872686935695868
041f09eec1e8,0.034359598309947885,0.014544552518307129,0.015628493767119233,0.01859368303612994,0.011029968369761518,0.009940786470270227,0.008230733038925105,0.0105523412898055,0.012824454506493563,0.015392373339295806,0.016941422335885865,0.020276514198669278,0.01904277768461038,0.035146278206346034,0.016678661933776567,0.02993823602027273,0.0172433420444591,0.03147374666927489,0.020437373059794362,0.02231803878547306,0.022939492611846798,0.026732413540909297,0.025282936907223812,0.01773698222371264,0.2285277440046923,0.29818705512698246
0423237770a7,0.06156825396824839,0.024807256235825418,0.023620861678002394,0.01876190476190306,0.012655782312924024,0.009531065759636324,0.007671655328797491,0.007939229024942592,0.008318367346938022,0.009795918367346052,0.01186757369614405,0.01577777777777635,0.015789569160996303,0.019943764172333792,0.011168253968252956,0.014105215419499856,0.00948027210884268,0.013858503401359289,0.010876190476189491,0.013693424036279938,0.017070294784578954,0.023424943310655474,0.02794285714285461,0.024156009070292597,0.16517097505667439,0.42100408163261493
042470a92154,0.05808840639973005,0.023740300836206592,0.022639011810662628,0.01910339480269738,0.013001600314340337,0.010022946104312026,0.007413136692403766,0.007352814951017617,0.007384764015625301,0.007380472350230239,0.007475365840632165,0.008893522827844875,0.00912646488845463,0.013399056215094135,0.007663006988738487,0.012119663075655096,0.008757620090334579,0.014602629932553745,0.012108457060456879,0.015828615680409792,0.01952993865779549,0.02604945524460523,0.028728408154545047,0.023134937589647568,0.20990273178807445,0.406553277687908
04579e31e4be,0.05799637188208091,0.022616780045349425,0.0220562358276624,0.018496145124714876,0.012468934240361683,0.009500226757368753,0.007980952380951659,0.008773696145123923,0.009866666666665773,0.011641723356008016,0.014749206349205013,0.019795011337866687,0.02076643990929517,0.025544671201811746,0.013326984126982919,0.016515192743762674,0.009717913832198666,0.015432199546483862,0.01063129251700584,0.01235374149659752,0.014778231292515667,0.020733786848070684,0.024785487528342427,0.022183219954646515,0.18196190476188828,0.39532698412694833
04a6fc58dabc,0.057849026841027704,0.023685939741202474,0.022653555787834782,0.019499897000030054,0.013463669621875346,0.010468325601977349,0.007984643467512856,0.008137951292458681,0.008459826197088332,0.008965527436139806,0.009422589800713909,0.010995962019714695,0.011017420346690005,0.018782473601488856,0.00897792558061443,0.016336224326303512,0.009722052674947124,0.018693779183324242,0.012727887432477493,0.01609350680562723,0.019190181814019745,0.025605506302071597,0.02807154492324528,0.022869092761009006,0.1851867923520571,0.4051386970885245
04ac765f91a1,0.043662926877650256,0.018598885692922312,0.018611760689107498,0.017928193762016237,0.013638197347941201,0.01227845469527239,0.010328369624927272,0.011537188711203069,0.013113898892177792,0.014905192342905616,0.01746850871303404,0.022389379940183186,0.023395775475325228,0.028589644306771377,0.018270096438489508,0.021554651020843626,0.015258062608721826,0.020401385158848356,0.015890367976927628,0.01870307779168021,0.020678436002685135,0.024347094637897304,0.024596726508376743,0.018408621860407898,0.18978793450727413,0.3456571684163863
04aef84a2cc1,0.025153818313422432,0.015304275890592066,0.010398396391879667,0.006439091129643595,0.004466398603205532,0.003601357021551745,0.00373857051381407,0.004235720848097856,0.005325474380847915,0.006922321254567435,0.009670568302488204,0.013130734629103353,0.017577247218937535,0.01802468251979294,0.008228832333065225,0.011800360334559942,0.005094796625740238,0.009825679206784744,0.00387777260741353,0.004140267983915369,0.004758722999764399,0.007355836346062896,0.010881626516803506,0.013313685952119786,0.521916375336467,0.25481738673916016
04d029cfb612,0.032430747712746656,0.013650293709355645,0.015218703998732706,0.01831942231725242,0.01061697598151549,0.009471457087222924,0.007973067713865016,0.01046892759982842,0.012912963273519852,0.015795175573443412,0.017835972292097307,0.02205964559226308,0.02139320951422631,0.03893410405835932,0.018210678815659267,0.031749899845342114,0.017808604449661546,0.03242929197644688,0.02077175568785257,0.02256929887081414,0.022945897851565807,0.02677506661449269,0.025110286582070554,0.017326319013546247,0.2315729987701906,0.2856492350979145
04efb1a284cc,0.05702494331065243,0.022107029478456046,0.021897505668932258,0.018601360544216003,0.01331337868480605,0.010272108843536484,0.008815419501132989,0.009477551020407305,0.010330158730157794,0.012204081632651955,0.014827210884352399,0.01980226757369435,0.020687528344669328,0.02521088435373921,0.013392290249431893,0.016883446712016612,0.009862131519273483,0.015735147392288824,0.01088526077097407,0.012549659863944441,0.01514739229024806,0.020636734693875683,0.02435918367346718,0.021406802721086495,0.18836553287980154,0.3862049886620965
050bb1eafa76,0.029313972310709153,0.015682110144647744,0.011519967546023887,0.007672023958667384,0.005619787378743916,0.004814403837204183,0.00429935609088618,0.004687133351627534,0.004897925093363859,0.005981712822102512,0.007154987611012247,0.010157775630086314,0.014608265422594765,0.01571591636737904,0.0066439170673685145,0.010983045184997398,0.0045260566433195865,0.009775964173356366,0.0040209519036872605,0.004625486710176344,0.005987678626113917,0.008809503923508686,0.012434724161106053,0.014007707818779951,0.5250822286651862,0.2509773975571522
05113073b268,0.05518911042242473,0.033654385053668905,0.017294403493454957,0.011793056031372665,0.00885125502634125,0.007514054810999943,0.006789014434499948,0.007719686839392156,0.008886184843064302,0.011095446414898118,0.014417331188339709,0.01934973705939057,0.021778839398622588,0.019370852824302245,0.014272086300722945,0.011061108628966981,0.008803497875793346,0.007910912785181077,0.007399398180965512,0.008793828039525381,0.010864159718856204,0.016845644153182505,0.025100132141272262,0.03495428732911949,0.08288391618106823,0.5274076708245543
05195a3db5e2,0.04367366256616202,0.020295665246801275,0.01682157871082618,0.01488070380578228,0.012520234018602864,0.01121968874411648,0.01022936527822318,0.010873672111454966,0.011935585225485133,0.013681577199489788,0.017479805753417912,0.025650968647706218,0.031388083505341106,0.027625649775481414,0.015821312238247204,0.016962769405762777,0.011269403777544859,0.0146102540239319,0.010261182899617341,0.01202706088699335,0.014484972139692387,0.01829115509896905,0.020126634133144788,0.017617019245680238,0.23612652277142696,0.34412547278989947
0519b934f6b1,0.05225026957135289,0.030229684266031204,0.01734946235710316,0.013154332165585229,0.010904023125511891,0.009628394112529866,0.008768568059070291,0.0098677718960613,0.010811468978375665,0.012950081542374151,0.016377545140374126,0.02153492271235313,0.023720700396107602,0.021404083907339656,0.01608902880111365,0.012929952495449003,0.0106662240907589,0.009892242502127169,0.009293699371499929,0.010904615156303808,0.01295698856827984,0.01829000194186064,0.024727152742365078,0.03147373830344437,0.07413271435856081,0.509692333438047
052d9a3fe55a,0.060122305667864806,0.038288604749191324,0.018188369989248363,0.01149112032749542,0.007992218347270897,0.006285196230579293,0.005262956396537385,0.005778812559893668,0.006242372669964024,0.007357363994739464,0.008963148846013404,0.011164911361149615,0.011962376837860686,0.0109922357135074,0.008420651297020893,0.007353022435598746,0.00610561355703139,0.006194220832221509,0.006008125819962529,0.008014518173766406,0.010502428904995429,0.0174499102481316,0.028027527063700382,0.03878295046044132,0.09456803854672831,0.5584809989690661
05339950962e,0.0617233560090647,0.024641269841267608,0.023695238095235948,0.019139229024941577,0.01203718820861569,0.008907029478457243,0.007332426303854211,0.007535600907028796,0.008259410430838254,0.009585487528343803,0.011518367346937732,0.014775510204080295,0.014153287981858128,0.020858956916097883,0.010777324263037572,0.015738775510202654,0.009338775510203236,0.01593287981859266,0.010878911564624864,0.013213605442175674,0.016230385487526873,0.022871655328796113,0.02762630385487278,0.024645804988659897,0.1658004535147242,0.422782766439871
054b1b305160,0.06193469387754541,0.02476553287981635,0.02349387755101828,0.019238095238093497,0.012727437641722203,0.009575510204080765,0.007744217687074128,0.007944671201813339,0.008512471655328027,0.00997460317460227,0.012142403628116813,0.016417233560089214,0.01639274376417085,0.020564172335599044,0.012419954648524951,0.01419229024943182,0.009681632653060348,0.013408616780044137,0.01096145124716454,0.013997278911563358,0.0173260770975041,0.023671655328796042,0.028530612244895375,0.023768707482991043,0.15804172335599476,0.42257233560086876
0551676cc2aa,0.058554410787273505,0.03663920696291289,0.017704878175850165,0.011391264467258895,0.007967550397607723,0.006299602313182586,0.00538037583693409,0.006001416137654146,0.006617128161246955,0.007997743967995448,0.010417965845348723,0.014646841792005875,0.016914517068642086,0.014832542117070245,0.010651423320960996,0.008450647523811312,0.006820786753666115,0.00648214514069007,0.006336702909475999,0.00813627917330383,0.010568736353690038,0.01725276399442352,0.02675604226626177,0.03719078231738145,0.08893604962322986,0.551052196592102
059bc89df7f4,0.05761465422528626,0.023543122653889022,0.022517653050324486,0.019469378490554058,0.013481313135166156,0.01053270058290328,0.008214962843714518,0.008349673451948408,0.008595490508743349,0.008982217246009491,0.00958686521500267,0.011065105517746249,0.011470667897579608,0.01820572145756358,0.009548001800591831,0.015913495284889907,0.009893242439039041,0.01761132580034749,0.01234879032258035,0.01558637501144407,0.01879129535813426,0.02503113841669913,0.027902500991850893,0.023023115863520675,0.18522041039765175,0.4075007820367956
